Chain hasn't been synced yet.
current block#: 4230100
4230099    2 0x0d85c541489b4c67df516b86898e1ed59c8d639a 1
4230098    5 0x0d85c541489b4c67df516b86898e1ed59c8d639a 2
4230097    7 0x0d85c541489b4c67df516b86898e1ed59c8d639a 3
4230096   19 0xeb89381047b71fbe695d8a7d0b1ce9ab3a566de1 1
4230095   33 0xeb89381047b71fbe695d8a7d0b1ce9ab3a566de1 2
4230094    5 0xeb89381047b71fbe695d8a7d0b1ce9ab3a566de1 3
4230093   47 0xeb89381047b71fbe695d8a7d0b1ce9ab3a566de1 4
4230092   19 0xeb89381047b71fbe695d8a7d0b1ce9ab3a566de1 5
4230091    8 0xeb89381047b71fbe695d8a7d0b1ce9ab3a566de1 6
4230090   10 0xeb89381047b71fbe695d8a7d0b1ce9ab3a566de1 7
4230089    6 0x0d85c541489b4c67df516b86898e1ed59c8d639a 4
4230088    4 0x0d85c541489b4c67df516b86898e1ed59c8d639a 5
4230087    3 0x0d85c541489b4c67df516b86898e1ed59c8d639a 6
4230086    1 0x0d85c541489b4c67df516b86898e1ed59c8d639a 7
4230085    2 0x0d85c541489b4c67df516b86898e1ed59c8d639a 8
4230084    1 0x0d85c541489b4c67df516b86898e1ed59c8d639a 9
4230083    5 0x0d85c541489b4c67df516b86898e1ed59c8d639a 10
4230082    4 0x0d85c541489b4c67df516b86898e1ed59c8d639a 11
4230081    6 0x0d85c541489b4c67df516b86898e1ed59c8d639a 12
4230080    9 0x0d85c541489b4c67df516b86898e1ed59c8d639a 13
4230079    3 0x0d85c541489b4c67df516b86898e1ed59c8d639a 14
4230078    1 0x0d85c541489b4c67df516b86898e1ed59c8d639a 15
4230077    6 0x0d85c541489b4c67df516b86898e1ed59c8d639a 16
4230076    1 0x0d85c541489b4c67df516b86898e1ed59c8d639a 17
4230075    4 0x0d85c541489b4c67df516b86898e1ed59c8d639a 18
4230074    2 0x0d85c541489b4c67df516b86898e1ed59c8d639a 19
4230073   12 0x0d85c541489b4c67df516b86898e1ed59c8d639a 20
4230072    2 0x0d85c541489b4c67df516b86898e1ed59c8d639a 21
4230071   11 0x0d85c541489b4c67df516b86898e1ed59c8d639a 22
4230070    3 0x0d85c541489b4c67df516b86898e1ed59c8d639a 23
4230069    2 0x0d85c541489b4c67df516b86898e1ed59c8d639a 24
4230068    3 0x0d85c541489b4c67df516b86898e1ed59c8d639a 25
4230067    6 0x0d85c541489b4c67df516b86898e1ed59c8d639a 26
4230066    1 0x0d85c541489b4c67df516b86898e1ed59c8d639a 27
4230065    2 0x0d85c541489b4c67df516b86898e1ed59c8d639a 28
4230064    2 0x0d85c541489b4c67df516b86898e1ed59c8d639a 29
4230063    4 0x0d85c541489b4c67df516b86898e1ed59c8d639a 30
4230062   19 0x0d85c541489b4c67df516b86898e1ed59c8d639a 31
4230061    2 0x0d85c541489b4c67df516b86898e1ed59c8d639a 32
4230060    1 0x0d85c541489b4c67df516b86898e1ed59c8d639a 33
4230059    1 0x0d85c541489b4c67df516b86898e1ed59c8d639a 34
4230058    2 0x0d85c541489b4c67df516b86898e1ed59c8d639a 35
4230057    1 0x0d85c541489b4c67df516b86898e1ed59c8d639a 36
4230056    5 0x0d85c541489b4c67df516b86898e1ed59c8d639a 37
4230055   11 0x0d85c541489b4c67df516b86898e1ed59c8d639a 38
4230054    1 0x0d85c541489b4c67df516b86898e1ed59c8d639a 39
4230053    1 0x0d85c541489b4c67df516b86898e1ed59c8d639a 40
4230052    1 0x0d85c541489b4c67df516b86898e1ed59c8d639a 41
4230051    5 0x0d85c541489b4c67df516b86898e1ed59c8d639a 42
4230050    2 0x0d85c541489b4c67df516b86898e1ed59c8d639a 43
4230049   10 0x0d85c541489b4c67df516b86898e1ed59c8d639a 44
4230048    1 0x0d85c541489b4c67df516b86898e1ed59c8d639a 45
4230047   16 0x0d85c541489b4c67df516b86898e1ed59c8d639a 46
4230046   15 0x0d85c541489b4c67df516b86898e1ed59c8d639a 47
4230045    4 0x0d85c541489b4c67df516b86898e1ed59c8d639a 48
4230044    2 0x0d85c541489b4c67df516b86898e1ed59c8d639a 49
4230043  181 0xeb89381047b71fbe695d8a7d0b1ce9ab3a566de1 8
4230042   46 0xeb89381047b71fbe695d8a7d0b1ce9ab3a566de1 9
4230041   51 0xeb89381047b71fbe695d8a7d0b1ce9ab3a566de1 10
4230040    1 0xeb89381047b71fbe695d8a7d0b1ce9ab3a566de1 11
4230039    4 0x0d85c541489b4c67df516b86898e1ed59c8d639a 50
4230038    2 0x0d85c541489b4c67df516b86898e1ed59c8d639a 51
4230037    4 0x0d85c541489b4c67df516b86898e1ed59c8d639a 52
4230036    4 0x0d85c541489b4c67df516b86898e1ed59c8d639a 53
4230035   10 0x0d85c541489b4c67df516b86898e1ed59c8d639a 54
4230034    1 0x0d85c541489b4c67df516b86898e1ed59c8d639a 55
4230033   15 0x0d85c541489b4c67df516b86898e1ed59c8d639a 56
4230032    1 0x0d85c541489b4c67df516b86898e1ed59c8d639a 57
4230031    8 0x0d85c541489b4c67df516b86898e1ed59c8d639a 58
4230030    7 0x0d85c541489b4c67df516b86898e1ed59c8d639a 59
4230029   20 0x0d85c541489b4c67df516b86898e1ed59c8d639a 60
4230028   14 0x0d85c541489b4c67df516b86898e1ed59c8d639a 61
4230027    2 0x0d85c541489b4c67df516b86898e1ed59c8d639a 62
4230026    4 0x0d85c541489b4c67df516b86898e1ed59c8d639a 63
4230025   12 0x0d85c541489b4c67df516b86898e1ed59c8d639a 64
4230024   15 0x0d85c541489b4c67df516b86898e1ed59c8d639a 65
4230023    3 0x0d85c541489b4c67df516b86898e1ed59c8d639a 66
4230022    3 0x0d85c541489b4c67df516b86898e1ed59c8d639a 67
4230021   10 0x0d85c541489b4c67df516b86898e1ed59c8d639a 68
4230020   26 0x0d85c541489b4c67df516b86898e1ed59c8d639a 69
4230019    7 0x0d85c541489b4c67df516b86898e1ed59c8d639a 70
4230018    5 0x0d85c541489b4c67df516b86898e1ed59c8d639a 71
4230017    2 0x0d85c541489b4c67df516b86898e1ed59c8d639a 72
4230016   58 0x0d85c541489b4c67df516b86898e1ed59c8d639a 73
4230015    7 0x0d85c541489b4c67df516b86898e1ed59c8d639a 74
4230014    2 0x0d85c541489b4c67df516b86898e1ed59c8d639a 75
4230013   56 0x0d85c541489b4c67df516b86898e1ed59c8d639a 76
4230012   23 0x0d85c541489b4c67df516b86898e1ed59c8d639a 77
4230011   16 0x0d85c541489b4c67df516b86898e1ed59c8d639a 78
4230010   25 0x0d85c541489b4c67df516b86898e1ed59c8d639a 79
4230009   20 0x0d85c541489b4c67df516b86898e1ed59c8d639a 80
4230008   90 0x0d85c541489b4c67df516b86898e1ed59c8d639a 81
4230007   32 0x0d85c541489b4c67df516b86898e1ed59c8d639a 82
4230006    4 0x0d85c541489b4c67df516b86898e1ed59c8d639a 83
4230005   38 0x0d85c541489b4c67df516b86898e1ed59c8d639a 84
4230004   21 0x0d85c541489b4c67df516b86898e1ed59c8d639a 85
4230003   27 0x0d85c541489b4c67df516b86898e1ed59c8d639a 86
4230002   64 0x0d85c541489b4c67df516b86898e1ed59c8d639a 87
4230001  777 0x0d85c541489b4c67df516b86898e1ed59c8d639a 88
4230000   77 0x0d85c541489b4c67df516b86898e1ed59c8d639a 89

----------------------------------------------------------------------
 2 miners won in the last 100 blocks.
 Range of blocks: 4230000  - 4230099
----------------------------------------------------------------------
Account,                                   count (ratio): balance
----------------------------------------------------------------------
0x0D85C541489b4c67Df516b86898e1ED59c8d639a, 89 (89.00%): 18197.823597
0xEb89381047b71fbE695D8a7D0b1Ce9Ab3a566dE1, 11 (11.00%): 718831.390476
