Chain hasn't been synced yet.
current block#: 4250997
4230000  7110 0x0d85c541489b4c67df516b86898e1ed59c8d639a 1
4230001   77 0x0d85c541489b4c67df516b86898e1ed59c8d639a 2
4230002  777 0x0d85c541489b4c67df516b86898e1ed59c8d639a 3
4230003   64 0x0d85c541489b4c67df516b86898e1ed59c8d639a 4
4230004   27 0x0d85c541489b4c67df516b86898e1ed59c8d639a 5
4230005   21 0x0d85c541489b4c67df516b86898e1ed59c8d639a 6
4230006   38 0x0d85c541489b4c67df516b86898e1ed59c8d639a 7
4230007    4 0x0d85c541489b4c67df516b86898e1ed59c8d639a 8
4230008   32 0x0d85c541489b4c67df516b86898e1ed59c8d639a 9
4230009   90 0x0d85c541489b4c67df516b86898e1ed59c8d639a 10
4230010   20 0x0d85c541489b4c67df516b86898e1ed59c8d639a 11
4230011   25 0x0d85c541489b4c67df516b86898e1ed59c8d639a 12
4230012   16 0x0d85c541489b4c67df516b86898e1ed59c8d639a 13
4230013   23 0x0d85c541489b4c67df516b86898e1ed59c8d639a 14
4230014   56 0x0d85c541489b4c67df516b86898e1ed59c8d639a 15
4230015    2 0x0d85c541489b4c67df516b86898e1ed59c8d639a 16
4230016    7 0x0d85c541489b4c67df516b86898e1ed59c8d639a 17
4230017   58 0x0d85c541489b4c67df516b86898e1ed59c8d639a 18
4230018    2 0x0d85c541489b4c67df516b86898e1ed59c8d639a 19
4230019    5 0x0d85c541489b4c67df516b86898e1ed59c8d639a 20
4230020    7 0x0d85c541489b4c67df516b86898e1ed59c8d639a 21
4230021   26 0x0d85c541489b4c67df516b86898e1ed59c8d639a 22
4230022   10 0x0d85c541489b4c67df516b86898e1ed59c8d639a 23
4230023    3 0x0d85c541489b4c67df516b86898e1ed59c8d639a 24
4230024    3 0x0d85c541489b4c67df516b86898e1ed59c8d639a 25
4230025   15 0x0d85c541489b4c67df516b86898e1ed59c8d639a 26
4230026   12 0x0d85c541489b4c67df516b86898e1ed59c8d639a 27
4230027    4 0x0d85c541489b4c67df516b86898e1ed59c8d639a 28
4230028    2 0x0d85c541489b4c67df516b86898e1ed59c8d639a 29
4230029   14 0x0d85c541489b4c67df516b86898e1ed59c8d639a 30
4230030   20 0x0d85c541489b4c67df516b86898e1ed59c8d639a 31
4230031    7 0x0d85c541489b4c67df516b86898e1ed59c8d639a 32
4230032    8 0x0d85c541489b4c67df516b86898e1ed59c8d639a 33
4230033    1 0x0d85c541489b4c67df516b86898e1ed59c8d639a 34
4230034   15 0x0d85c541489b4c67df516b86898e1ed59c8d639a 35
4230035    1 0x0d85c541489b4c67df516b86898e1ed59c8d639a 36
4230036   10 0x0d85c541489b4c67df516b86898e1ed59c8d639a 37
4230037    4 0x0d85c541489b4c67df516b86898e1ed59c8d639a 38
4230038    4 0x0d85c541489b4c67df516b86898e1ed59c8d639a 39
4230039    2 0x0d85c541489b4c67df516b86898e1ed59c8d639a 40
4230040    4 0xeb89381047b71fbe695d8a7d0b1ce9ab3a566de1 1
4230041    1 0xeb89381047b71fbe695d8a7d0b1ce9ab3a566de1 2
4230042   51 0xeb89381047b71fbe695d8a7d0b1ce9ab3a566de1 3
4230043   46 0xeb89381047b71fbe695d8a7d0b1ce9ab3a566de1 4
4230044  181 0x0d85c541489b4c67df516b86898e1ed59c8d639a 41
4230045    2 0x0d85c541489b4c67df516b86898e1ed59c8d639a 42
4230046    4 0x0d85c541489b4c67df516b86898e1ed59c8d639a 43
4230047   15 0x0d85c541489b4c67df516b86898e1ed59c8d639a 44
4230048   16 0x0d85c541489b4c67df516b86898e1ed59c8d639a 45
4230049    1 0x0d85c541489b4c67df516b86898e1ed59c8d639a 46
4230050   10 0x0d85c541489b4c67df516b86898e1ed59c8d639a 47
4230051    2 0x0d85c541489b4c67df516b86898e1ed59c8d639a 48
4230052    5 0x0d85c541489b4c67df516b86898e1ed59c8d639a 49
4230053    1 0x0d85c541489b4c67df516b86898e1ed59c8d639a 50
4230054    1 0x0d85c541489b4c67df516b86898e1ed59c8d639a 51
4230055    1 0x0d85c541489b4c67df516b86898e1ed59c8d639a 52
4230056   11 0x0d85c541489b4c67df516b86898e1ed59c8d639a 53
4230057    5 0x0d85c541489b4c67df516b86898e1ed59c8d639a 54
4230058    1 0x0d85c541489b4c67df516b86898e1ed59c8d639a 55
4230059    2 0x0d85c541489b4c67df516b86898e1ed59c8d639a 56
4230060    1 0x0d85c541489b4c67df516b86898e1ed59c8d639a 57
4230061    1 0x0d85c541489b4c67df516b86898e1ed59c8d639a 58
4230062    2 0x0d85c541489b4c67df516b86898e1ed59c8d639a 59
4230063   19 0x0d85c541489b4c67df516b86898e1ed59c8d639a 60
4230064    4 0x0d85c541489b4c67df516b86898e1ed59c8d639a 61
4230065    2 0x0d85c541489b4c67df516b86898e1ed59c8d639a 62
4230066    2 0x0d85c541489b4c67df516b86898e1ed59c8d639a 63
4230067    1 0x0d85c541489b4c67df516b86898e1ed59c8d639a 64
4230068    6 0x0d85c541489b4c67df516b86898e1ed59c8d639a 65
4230069    3 0x0d85c541489b4c67df516b86898e1ed59c8d639a 66
4230070    2 0x0d85c541489b4c67df516b86898e1ed59c8d639a 67
4230071    3 0x0d85c541489b4c67df516b86898e1ed59c8d639a 68
4230072   11 0x0d85c541489b4c67df516b86898e1ed59c8d639a 69
4230073    2 0x0d85c541489b4c67df516b86898e1ed59c8d639a 70
4230074   12 0x0d85c541489b4c67df516b86898e1ed59c8d639a 71
4230075    2 0x0d85c541489b4c67df516b86898e1ed59c8d639a 72
4230076    4 0x0d85c541489b4c67df516b86898e1ed59c8d639a 73
4230077    1 0x0d85c541489b4c67df516b86898e1ed59c8d639a 74
4230078    6 0x0d85c541489b4c67df516b86898e1ed59c8d639a 75
4230079    1 0x0d85c541489b4c67df516b86898e1ed59c8d639a 76
4230080    3 0x0d85c541489b4c67df516b86898e1ed59c8d639a 77
4230081    9 0x0d85c541489b4c67df516b86898e1ed59c8d639a 78
4230082    6 0x0d85c541489b4c67df516b86898e1ed59c8d639a 79
4230083    4 0x0d85c541489b4c67df516b86898e1ed59c8d639a 80
4230084    5 0x0d85c541489b4c67df516b86898e1ed59c8d639a 81
4230085    1 0x0d85c541489b4c67df516b86898e1ed59c8d639a 82
4230086    2 0x0d85c541489b4c67df516b86898e1ed59c8d639a 83
4230087    1 0x0d85c541489b4c67df516b86898e1ed59c8d639a 84
4230088    3 0x0d85c541489b4c67df516b86898e1ed59c8d639a 85
4230089    4 0x0d85c541489b4c67df516b86898e1ed59c8d639a 86
4230090    6 0xeb89381047b71fbe695d8a7d0b1ce9ab3a566de1 5
4230091   10 0xeb89381047b71fbe695d8a7d0b1ce9ab3a566de1 6
4230092    8 0xeb89381047b71fbe695d8a7d0b1ce9ab3a566de1 7
4230093   19 0xeb89381047b71fbe695d8a7d0b1ce9ab3a566de1 8
4230094   47 0xeb89381047b71fbe695d8a7d0b1ce9ab3a566de1 9
4230095    5 0xeb89381047b71fbe695d8a7d0b1ce9ab3a566de1 10
4230096   33 0xeb89381047b71fbe695d8a7d0b1ce9ab3a566de1 11
4230097   19 0x0d85c541489b4c67df516b86898e1ed59c8d639a 87
4230098    7 0x0d85c541489b4c67df516b86898e1ed59c8d639a 88
4230099    5 0x0d85c541489b4c67df516b86898e1ed59c8d639a 89
4230100    2 0x0d85c541489b4c67df516b86898e1ed59c8d639a 90
4230101    8 0x0d85c541489b4c67df516b86898e1ed59c8d639a 91
4230102    1 0x0d85c541489b4c67df516b86898e1ed59c8d639a 92
4230103    2 0x0d85c541489b4c67df516b86898e1ed59c8d639a 93
4230104    1 0x0d85c541489b4c67df516b86898e1ed59c8d639a 94
4230105    4 0x0d85c541489b4c67df516b86898e1ed59c8d639a 95
4230106    1 0x0d85c541489b4c67df516b86898e1ed59c8d639a 96
4230107    6 0x0d85c541489b4c67df516b86898e1ed59c8d639a 97
4230108    7 0x0d85c541489b4c67df516b86898e1ed59c8d639a 98
4230109    1 0x0d85c541489b4c67df516b86898e1ed59c8d639a 99
4230110    5 0x0d85c541489b4c67df516b86898e1ed59c8d639a 100
4230111    5 0x0d85c541489b4c67df516b86898e1ed59c8d639a 101
4230112    2 0x0d85c541489b4c67df516b86898e1ed59c8d639a 102
4230113   11 0x0d85c541489b4c67df516b86898e1ed59c8d639a 103
4230114    1 0x0d85c541489b4c67df516b86898e1ed59c8d639a 104
4230115    7 0x0d85c541489b4c67df516b86898e1ed59c8d639a 105
4230116    4 0x0d85c541489b4c67df516b86898e1ed59c8d639a 106
4230117    3 0x0d85c541489b4c67df516b86898e1ed59c8d639a 107
4230118    1 0x0d85c541489b4c67df516b86898e1ed59c8d639a 108
4230119    1 0x0d85c541489b4c67df516b86898e1ed59c8d639a 109
4230120    7 0x0d85c541489b4c67df516b86898e1ed59c8d639a 110
4230121    4 0x0d85c541489b4c67df516b86898e1ed59c8d639a 111
4230122    2 0x0d85c541489b4c67df516b86898e1ed59c8d639a 112
4230123    3 0x0d85c541489b4c67df516b86898e1ed59c8d639a 113
4230124   12 0x0d85c541489b4c67df516b86898e1ed59c8d639a 114
4230125    9 0x0d85c541489b4c67df516b86898e1ed59c8d639a 115
4230126   11 0x0d85c541489b4c67df516b86898e1ed59c8d639a 116
4230127    1 0x0d85c541489b4c67df516b86898e1ed59c8d639a 117
4230128    3 0xeb89381047b71fbe695d8a7d0b1ce9ab3a566de1 12
4230129    4 0x0d85c541489b4c67df516b86898e1ed59c8d639a 118
4230130    8 0x0d85c541489b4c67df516b86898e1ed59c8d639a 119
4230131    3 0x0d85c541489b4c67df516b86898e1ed59c8d639a 120
4230132    3 0x0d85c541489b4c67df516b86898e1ed59c8d639a 121
4230133    1 0xeb89381047b71fbe695d8a7d0b1ce9ab3a566de1 13
4230134   22 0x0d85c541489b4c67df516b86898e1ed59c8d639a 122
4230135    1 0x0d85c541489b4c67df516b86898e1ed59c8d639a 123
4230136    1 0x0d85c541489b4c67df516b86898e1ed59c8d639a 124
4230137    5 0x0d85c541489b4c67df516b86898e1ed59c8d639a 125
4230138    3 0x0d85c541489b4c67df516b86898e1ed59c8d639a 126
4230139    1 0x0d85c541489b4c67df516b86898e1ed59c8d639a 127
4230140   10 0x0d85c541489b4c67df516b86898e1ed59c8d639a 128
4230141    1 0x0d85c541489b4c67df516b86898e1ed59c8d639a 129
4230142    4 0xeb89381047b71fbe695d8a7d0b1ce9ab3a566de1 14
4230143    5 0x0d85c541489b4c67df516b86898e1ed59c8d639a 130
4230144    1 0x0d85c541489b4c67df516b86898e1ed59c8d639a 131
4230145    6 0x0d85c541489b4c67df516b86898e1ed59c8d639a 132
4230146    6 0x0d85c541489b4c67df516b86898e1ed59c8d639a 133
4230147    1 0x0d85c541489b4c67df516b86898e1ed59c8d639a 134
4230148    6 0x0d85c541489b4c67df516b86898e1ed59c8d639a 135
4230149    6 0x0d85c541489b4c67df516b86898e1ed59c8d639a 136
4230150    3 0x0d85c541489b4c67df516b86898e1ed59c8d639a 137
4230151    3 0x0d85c541489b4c67df516b86898e1ed59c8d639a 138
4230152   25 0x0d85c541489b4c67df516b86898e1ed59c8d639a 139
4230153    6 0x0d85c541489b4c67df516b86898e1ed59c8d639a 140
4230154    3 0x0d85c541489b4c67df516b86898e1ed59c8d639a 141
4230155    5 0x0d85c541489b4c67df516b86898e1ed59c8d639a 142
4230156    4 0xeb89381047b71fbe695d8a7d0b1ce9ab3a566de1 15
4230157    3 0x0d85c541489b4c67df516b86898e1ed59c8d639a 143
4230158   19 0x0d85c541489b4c67df516b86898e1ed59c8d639a 144
4230159    5 0x0d85c541489b4c67df516b86898e1ed59c8d639a 145
4230160    1 0xeb89381047b71fbe695d8a7d0b1ce9ab3a566de1 16
4230161    5 0x0d85c541489b4c67df516b86898e1ed59c8d639a 146
4230162    1 0x0d85c541489b4c67df516b86898e1ed59c8d639a 147
4230163    2 0x0d85c541489b4c67df516b86898e1ed59c8d639a 148
4230164   11 0x0d85c541489b4c67df516b86898e1ed59c8d639a 149
4230165    4 0x0d85c541489b4c67df516b86898e1ed59c8d639a 150
4230166   16 0x0d85c541489b4c67df516b86898e1ed59c8d639a 151
4230167    3 0x0d85c541489b4c67df516b86898e1ed59c8d639a 152
4230168    2 0x0d85c541489b4c67df516b86898e1ed59c8d639a 153
4230169    1 0x0d85c541489b4c67df516b86898e1ed59c8d639a 154
4230170    2 0x0d85c541489b4c67df516b86898e1ed59c8d639a 155
4230171    4 0x0d85c541489b4c67df516b86898e1ed59c8d639a 156
4230172    7 0x0d85c541489b4c67df516b86898e1ed59c8d639a 157
4230173    3 0x0d85c541489b4c67df516b86898e1ed59c8d639a 158
4230174    1 0x0d85c541489b4c67df516b86898e1ed59c8d639a 159
4230175    1 0x0d85c541489b4c67df516b86898e1ed59c8d639a 160
4230176    2 0x0d85c541489b4c67df516b86898e1ed59c8d639a 161
4230177    3 0x0d85c541489b4c67df516b86898e1ed59c8d639a 162
4230178    1 0x0d85c541489b4c67df516b86898e1ed59c8d639a 163
4230179    4 0x0d85c541489b4c67df516b86898e1ed59c8d639a 164
4230180    4 0x0d85c541489b4c67df516b86898e1ed59c8d639a 165
4230181    1 0x0d85c541489b4c67df516b86898e1ed59c8d639a 166
4230182    1 0x0d85c541489b4c67df516b86898e1ed59c8d639a 167
4230183   10 0x0d85c541489b4c67df516b86898e1ed59c8d639a 168
4230184   16 0x0d85c541489b4c67df516b86898e1ed59c8d639a 169
4230185    4 0x0d85c541489b4c67df516b86898e1ed59c8d639a 170
4230186    6 0xeb89381047b71fbe695d8a7d0b1ce9ab3a566de1 17
4230187  168 0x0d85c541489b4c67df516b86898e1ed59c8d639a 171
4230188    4 0x0d85c541489b4c67df516b86898e1ed59c8d639a 172
4230189    3 0x0d85c541489b4c67df516b86898e1ed59c8d639a 173
4230190    1 0x0d85c541489b4c67df516b86898e1ed59c8d639a 174
4230191    1 0x0d85c541489b4c67df516b86898e1ed59c8d639a 175
4230192    2 0x0d85c541489b4c67df516b86898e1ed59c8d639a 176
4230193   13 0x0d85c541489b4c67df516b86898e1ed59c8d639a 177
4230194    5 0x0d85c541489b4c67df516b86898e1ed59c8d639a 178
4230195    1 0x0d85c541489b4c67df516b86898e1ed59c8d639a 179
4230196    2 0xeb89381047b71fbe695d8a7d0b1ce9ab3a566de1 18
4230197   10 0x0d85c541489b4c67df516b86898e1ed59c8d639a 180
4230198    7 0x0d85c541489b4c67df516b86898e1ed59c8d639a 181
4230199    2 0x0d85c541489b4c67df516b86898e1ed59c8d639a 182
4230200    5 0x0d85c541489b4c67df516b86898e1ed59c8d639a 183
4230201    5 0x0d85c541489b4c67df516b86898e1ed59c8d639a 184
4230202    1 0x0d85c541489b4c67df516b86898e1ed59c8d639a 185
4230203    3 0x0d85c541489b4c67df516b86898e1ed59c8d639a 186
4230204    3 0x0d85c541489b4c67df516b86898e1ed59c8d639a 187
4230205   14 0x0d85c541489b4c67df516b86898e1ed59c8d639a 188
4230206    1 0x0d85c541489b4c67df516b86898e1ed59c8d639a 189
4230207    1 0x0d85c541489b4c67df516b86898e1ed59c8d639a 190
4230208    6 0x0d85c541489b4c67df516b86898e1ed59c8d639a 191
4230209    2 0x0d85c541489b4c67df516b86898e1ed59c8d639a 192
4230210    4 0x0d85c541489b4c67df516b86898e1ed59c8d639a 193
4230211    4 0x0d85c541489b4c67df516b86898e1ed59c8d639a 194
4230212    1 0x0d85c541489b4c67df516b86898e1ed59c8d639a 195
4230213    3 0x0d85c541489b4c67df516b86898e1ed59c8d639a 196
4230214    8 0x0d85c541489b4c67df516b86898e1ed59c8d639a 197
4230215    1 0xeb89381047b71fbe695d8a7d0b1ce9ab3a566de1 19
4230216    2 0xeb89381047b71fbe695d8a7d0b1ce9ab3a566de1 20
4230217    3 0x0d85c541489b4c67df516b86898e1ed59c8d639a 198
4230218    4 0x0d85c541489b4c67df516b86898e1ed59c8d639a 199
4230219    3 0xeb89381047b71fbe695d8a7d0b1ce9ab3a566de1 21
4230220    2 0x0d85c541489b4c67df516b86898e1ed59c8d639a 200
4230221    2 0x0d85c541489b4c67df516b86898e1ed59c8d639a 201
4230222    1 0x0d85c541489b4c67df516b86898e1ed59c8d639a 202
4230223    1 0x0d85c541489b4c67df516b86898e1ed59c8d639a 203
4230224    3 0x0d85c541489b4c67df516b86898e1ed59c8d639a 204
4230225    1 0x0d85c541489b4c67df516b86898e1ed59c8d639a 205
4230226    1 0x0d85c541489b4c67df516b86898e1ed59c8d639a 206
4230227    7 0x0d85c541489b4c67df516b86898e1ed59c8d639a 207
4230228   16 0x0d85c541489b4c67df516b86898e1ed59c8d639a 208
4230229    5 0x0d85c541489b4c67df516b86898e1ed59c8d639a 209
4230230    5 0x0d85c541489b4c67df516b86898e1ed59c8d639a 210
4230231    8 0x0d85c541489b4c67df516b86898e1ed59c8d639a 211
4230232    3 0x0d85c541489b4c67df516b86898e1ed59c8d639a 212
4230233    9 0x0d85c541489b4c67df516b86898e1ed59c8d639a 213
4230234    3 0x0d85c541489b4c67df516b86898e1ed59c8d639a 214
4230235    9 0x0d85c541489b4c67df516b86898e1ed59c8d639a 215
4230236   23 0xeb89381047b71fbe695d8a7d0b1ce9ab3a566de1 22
4230237    9 0xeb89381047b71fbe695d8a7d0b1ce9ab3a566de1 23
4230238  130 0x0d85c541489b4c67df516b86898e1ed59c8d639a 216
4230239   10 0x0d85c541489b4c67df516b86898e1ed59c8d639a 217
4230240    1 0x0d85c541489b4c67df516b86898e1ed59c8d639a 218
4230241    4 0x0d85c541489b4c67df516b86898e1ed59c8d639a 219
4230242    6 0x0d85c541489b4c67df516b86898e1ed59c8d639a 220
4230243    2 0x0d85c541489b4c67df516b86898e1ed59c8d639a 221
4230244    4 0x0d85c541489b4c67df516b86898e1ed59c8d639a 222
4230245    3 0x0d85c541489b4c67df516b86898e1ed59c8d639a 223
4230246    3 0x0d85c541489b4c67df516b86898e1ed59c8d639a 224
4230247    6 0x0d85c541489b4c67df516b86898e1ed59c8d639a 225
4230248    1 0x0d85c541489b4c67df516b86898e1ed59c8d639a 226
4230249    9 0x0d85c541489b4c67df516b86898e1ed59c8d639a 227
4230250    7 0x0d85c541489b4c67df516b86898e1ed59c8d639a 228
4230251    8 0x0d85c541489b4c67df516b86898e1ed59c8d639a 229
4230252    2 0x0d85c541489b4c67df516b86898e1ed59c8d639a 230
4230253    6 0x0d85c541489b4c67df516b86898e1ed59c8d639a 231
4230254    1 0x0d85c541489b4c67df516b86898e1ed59c8d639a 232
4230255    1 0x0d85c541489b4c67df516b86898e1ed59c8d639a 233
4230256   10 0x0d85c541489b4c67df516b86898e1ed59c8d639a 234
4230257    2 0x0d85c541489b4c67df516b86898e1ed59c8d639a 235
4230258    8 0xeb89381047b71fbe695d8a7d0b1ce9ab3a566de1 24
4230259   53 0x0d85c541489b4c67df516b86898e1ed59c8d639a 236
4230260    3 0x0d85c541489b4c67df516b86898e1ed59c8d639a 237
4230261    4 0x0d85c541489b4c67df516b86898e1ed59c8d639a 238
4230262    6 0x0d85c541489b4c67df516b86898e1ed59c8d639a 239
4230263    4 0x0d85c541489b4c67df516b86898e1ed59c8d639a 240
4230264    3 0x0d85c541489b4c67df516b86898e1ed59c8d639a 241
4230265    5 0x0d85c541489b4c67df516b86898e1ed59c8d639a 242
4230266    4 0x0d85c541489b4c67df516b86898e1ed59c8d639a 243
4230267    7 0x0d85c541489b4c67df516b86898e1ed59c8d639a 244
4230268   10 0x0d85c541489b4c67df516b86898e1ed59c8d639a 245
4230269    1 0x0d85c541489b4c67df516b86898e1ed59c8d639a 246
4230270    2 0x0d85c541489b4c67df516b86898e1ed59c8d639a 247
4230271    6 0x0d85c541489b4c67df516b86898e1ed59c8d639a 248
4230272   13 0x0d85c541489b4c67df516b86898e1ed59c8d639a 249
4230273   11 0x0d85c541489b4c67df516b86898e1ed59c8d639a 250
4230274    1 0x0d85c541489b4c67df516b86898e1ed59c8d639a 251
4230275    1 0x0d85c541489b4c67df516b86898e1ed59c8d639a 252
4230276    7 0x0d85c541489b4c67df516b86898e1ed59c8d639a 253
4230277    5 0x0d85c541489b4c67df516b86898e1ed59c8d639a 254
4230278    6 0x0d85c541489b4c67df516b86898e1ed59c8d639a 255
4230279    9 0x0d85c541489b4c67df516b86898e1ed59c8d639a 256
4230280    1 0x0d85c541489b4c67df516b86898e1ed59c8d639a 257
4230281    2 0x0d85c541489b4c67df516b86898e1ed59c8d639a 258
4230282    3 0x0d85c541489b4c67df516b86898e1ed59c8d639a 259
4230283    5 0x0d85c541489b4c67df516b86898e1ed59c8d639a 260
4230284    1 0x0d85c541489b4c67df516b86898e1ed59c8d639a 261
4230285    3 0x0d85c541489b4c67df516b86898e1ed59c8d639a 262
4230286    4 0x0d85c541489b4c67df516b86898e1ed59c8d639a 263
4230287   16 0x0d85c541489b4c67df516b86898e1ed59c8d639a 264
4230288    1 0x0d85c541489b4c67df516b86898e1ed59c8d639a 265
4230289   12 0x0d85c541489b4c67df516b86898e1ed59c8d639a 266
4230290    7 0x0d85c541489b4c67df516b86898e1ed59c8d639a 267
4230291   10 0x0d85c541489b4c67df516b86898e1ed59c8d639a 268
4230292    1 0x0d85c541489b4c67df516b86898e1ed59c8d639a 269
4230293    6 0x0d85c541489b4c67df516b86898e1ed59c8d639a 270
4230294   16 0x0d85c541489b4c67df516b86898e1ed59c8d639a 271
4230295    3 0x0d85c541489b4c67df516b86898e1ed59c8d639a 272
4230296    2 0x0d85c541489b4c67df516b86898e1ed59c8d639a 273
4230297    1 0x0d85c541489b4c67df516b86898e1ed59c8d639a 274
4230298    3 0x0d85c541489b4c67df516b86898e1ed59c8d639a 275
4230299    6 0x0d85c541489b4c67df516b86898e1ed59c8d639a 276
4230300    1 0xeb89381047b71fbe695d8a7d0b1ce9ab3a566de1 25
4230301    3 0xeb89381047b71fbe695d8a7d0b1ce9ab3a566de1 26
4230302   58 0x0d85c541489b4c67df516b86898e1ed59c8d639a 277
4230303    2 0x0d85c541489b4c67df516b86898e1ed59c8d639a 278
4230304    2 0x0d85c541489b4c67df516b86898e1ed59c8d639a 279
4230305    4 0x0d85c541489b4c67df516b86898e1ed59c8d639a 280
4230306    4 0x0d85c541489b4c67df516b86898e1ed59c8d639a 281
4230307    3 0x0d85c541489b4c67df516b86898e1ed59c8d639a 282
4230308    1 0x0d85c541489b4c67df516b86898e1ed59c8d639a 283
4230309    1 0x0d85c541489b4c67df516b86898e1ed59c8d639a 284
4230310    3 0x0d85c541489b4c67df516b86898e1ed59c8d639a 285
4230311    2 0x0d85c541489b4c67df516b86898e1ed59c8d639a 286
4230312    4 0x0d85c541489b4c67df516b86898e1ed59c8d639a 287
4230313    1 0x0d85c541489b4c67df516b86898e1ed59c8d639a 288
4230314    1 0x0d85c541489b4c67df516b86898e1ed59c8d639a 289
4230315    4 0x0d85c541489b4c67df516b86898e1ed59c8d639a 290
4230316    5 0x0d85c541489b4c67df516b86898e1ed59c8d639a 291
4230317    2 0x0d85c541489b4c67df516b86898e1ed59c8d639a 292
4230318    4 0x0d85c541489b4c67df516b86898e1ed59c8d639a 293
4230319    4 0x0d85c541489b4c67df516b86898e1ed59c8d639a 294
4230320    3 0x0d85c541489b4c67df516b86898e1ed59c8d639a 295
4230321    4 0x0d85c541489b4c67df516b86898e1ed59c8d639a 296
4230322    3 0x0d85c541489b4c67df516b86898e1ed59c8d639a 297
4230323    1 0x0d85c541489b4c67df516b86898e1ed59c8d639a 298
4230324    1 0x0d85c541489b4c67df516b86898e1ed59c8d639a 299
4230325    1 0x0d85c541489b4c67df516b86898e1ed59c8d639a 300
4230326    2 0x0d85c541489b4c67df516b86898e1ed59c8d639a 301
4230327    6 0x0d85c541489b4c67df516b86898e1ed59c8d639a 302
4230328    3 0x0d85c541489b4c67df516b86898e1ed59c8d639a 303
4230329    7 0xeb89381047b71fbe695d8a7d0b1ce9ab3a566de1 27
4230330    4 0x0d85c541489b4c67df516b86898e1ed59c8d639a 304
4230331    3 0x0d85c541489b4c67df516b86898e1ed59c8d639a 305
4230332    3 0x0d85c541489b4c67df516b86898e1ed59c8d639a 306
4230333    9 0x0d85c541489b4c67df516b86898e1ed59c8d639a 307
4230334    3 0x0d85c541489b4c67df516b86898e1ed59c8d639a 308
4230335   19 0x0d85c541489b4c67df516b86898e1ed59c8d639a 309
4230336    6 0x0d85c541489b4c67df516b86898e1ed59c8d639a 310
4230337    1 0x0d85c541489b4c67df516b86898e1ed59c8d639a 311
4230338    2 0x0d85c541489b4c67df516b86898e1ed59c8d639a 312
4230339    1 0x0d85c541489b4c67df516b86898e1ed59c8d639a 313
4230340    3 0x0d85c541489b4c67df516b86898e1ed59c8d639a 314
4230341    1 0x0d85c541489b4c67df516b86898e1ed59c8d639a 315
4230342    8 0x0d85c541489b4c67df516b86898e1ed59c8d639a 316
4230343    4 0x0d85c541489b4c67df516b86898e1ed59c8d639a 317
4230344    2 0x0d85c541489b4c67df516b86898e1ed59c8d639a 318
4230345    6 0x0d85c541489b4c67df516b86898e1ed59c8d639a 319
4230346   10 0x0d85c541489b4c67df516b86898e1ed59c8d639a 320
4230347    3 0x0d85c541489b4c67df516b86898e1ed59c8d639a 321
4230348    1 0x0d85c541489b4c67df516b86898e1ed59c8d639a 322
4230349    3 0x0d85c541489b4c67df516b86898e1ed59c8d639a 323
4230350    1 0x0d85c541489b4c67df516b86898e1ed59c8d639a 324
4230351    4 0x0d85c541489b4c67df516b86898e1ed59c8d639a 325
4230352    2 0x0d85c541489b4c67df516b86898e1ed59c8d639a 326
4230353   11 0x0d85c541489b4c67df516b86898e1ed59c8d639a 327
4230354    9 0x0d85c541489b4c67df516b86898e1ed59c8d639a 328
4230355    3 0x0d85c541489b4c67df516b86898e1ed59c8d639a 329
4230356    1 0x0d85c541489b4c67df516b86898e1ed59c8d639a 330
4230357    4 0x0d85c541489b4c67df516b86898e1ed59c8d639a 331
4230358    1 0xeb89381047b71fbe695d8a7d0b1ce9ab3a566de1 28
4230359    4 0xeb89381047b71fbe695d8a7d0b1ce9ab3a566de1 29
4230360   10 0xeb89381047b71fbe695d8a7d0b1ce9ab3a566de1 30
4230361   22 0xeb89381047b71fbe695d8a7d0b1ce9ab3a566de1 31
4230362   34 0x0d85c541489b4c67df516b86898e1ed59c8d639a 332
4230363   10 0x0d85c541489b4c67df516b86898e1ed59c8d639a 333
4230364    6 0x0d85c541489b4c67df516b86898e1ed59c8d639a 334
4230365    6 0x0d85c541489b4c67df516b86898e1ed59c8d639a 335
4230366   15 0x0d85c541489b4c67df516b86898e1ed59c8d639a 336
4230367    3 0x0d85c541489b4c67df516b86898e1ed59c8d639a 337
4230368    1 0x0d85c541489b4c67df516b86898e1ed59c8d639a 338
4230369    4 0x0d85c541489b4c67df516b86898e1ed59c8d639a 339
4230370    3 0x0d85c541489b4c67df516b86898e1ed59c8d639a 340
4230371    5 0x0d85c541489b4c67df516b86898e1ed59c8d639a 341
4230372    2 0x0d85c541489b4c67df516b86898e1ed59c8d639a 342
4230373    1 0x0d85c541489b4c67df516b86898e1ed59c8d639a 343
4230374   14 0x0d85c541489b4c67df516b86898e1ed59c8d639a 344
4230375    1 0x0d85c541489b4c67df516b86898e1ed59c8d639a 345
4230376    3 0x0d85c541489b4c67df516b86898e1ed59c8d639a 346
4230377    1 0x0d85c541489b4c67df516b86898e1ed59c8d639a 347
4230378    4 0x0d85c541489b4c67df516b86898e1ed59c8d639a 348
4230379    1 0x0d85c541489b4c67df516b86898e1ed59c8d639a 349
4230380    1 0x0d85c541489b4c67df516b86898e1ed59c8d639a 350
4230381    4 0x0d85c541489b4c67df516b86898e1ed59c8d639a 351
4230382    2 0x0d85c541489b4c67df516b86898e1ed59c8d639a 352
4230383    2 0x0d85c541489b4c67df516b86898e1ed59c8d639a 353
4230384    2 0x0d85c541489b4c67df516b86898e1ed59c8d639a 354
4230385    3 0x0d85c541489b4c67df516b86898e1ed59c8d639a 355
4230386    2 0x0d85c541489b4c67df516b86898e1ed59c8d639a 356
4230387    1 0x0d85c541489b4c67df516b86898e1ed59c8d639a 357
4230388    9 0x0d85c541489b4c67df516b86898e1ed59c8d639a 358
4230389    7 0x0d85c541489b4c67df516b86898e1ed59c8d639a 359
4230390    1 0x0d85c541489b4c67df516b86898e1ed59c8d639a 360
4230391    9 0x0d85c541489b4c67df516b86898e1ed59c8d639a 361
4230392   10 0x0d85c541489b4c67df516b86898e1ed59c8d639a 362
4230393    2 0x0d85c541489b4c67df516b86898e1ed59c8d639a 363
4230394    1 0x0d85c541489b4c67df516b86898e1ed59c8d639a 364
4230395   13 0x0d85c541489b4c67df516b86898e1ed59c8d639a 365
4230396    5 0x0d85c541489b4c67df516b86898e1ed59c8d639a 366
4230397   17 0x0d85c541489b4c67df516b86898e1ed59c8d639a 367
4230398    1 0x0d85c541489b4c67df516b86898e1ed59c8d639a 368
4230399    4 0x0d85c541489b4c67df516b86898e1ed59c8d639a 369
4230400   11 0x0d85c541489b4c67df516b86898e1ed59c8d639a 370
4230401    3 0x0d85c541489b4c67df516b86898e1ed59c8d639a 371
4230402   15 0x0d85c541489b4c67df516b86898e1ed59c8d639a 372
4230403    6 0x0d85c541489b4c67df516b86898e1ed59c8d639a 373
4230404    3 0x0d85c541489b4c67df516b86898e1ed59c8d639a 374
4230405    6 0x0d85c541489b4c67df516b86898e1ed59c8d639a 375
4230406    4 0x0d85c541489b4c67df516b86898e1ed59c8d639a 376
4230407    4 0x0d85c541489b4c67df516b86898e1ed59c8d639a 377
4230408   11 0x0d85c541489b4c67df516b86898e1ed59c8d639a 378
4230409    2 0x0d85c541489b4c67df516b86898e1ed59c8d639a 379
4230410    5 0xeb89381047b71fbe695d8a7d0b1ce9ab3a566de1 32
4230411   70 0x0d85c541489b4c67df516b86898e1ed59c8d639a 380
4230412    5 0x0d85c541489b4c67df516b86898e1ed59c8d639a 381
4230413    1 0x0d85c541489b4c67df516b86898e1ed59c8d639a 382
4230414    5 0x0d85c541489b4c67df516b86898e1ed59c8d639a 383
4230415    1 0x0d85c541489b4c67df516b86898e1ed59c8d639a 384
4230416    1 0x0d85c541489b4c67df516b86898e1ed59c8d639a 385
4230417    1 0x0d85c541489b4c67df516b86898e1ed59c8d639a 386
4230418    3 0x0d85c541489b4c67df516b86898e1ed59c8d639a 387
4230419    7 0x0d85c541489b4c67df516b86898e1ed59c8d639a 388
4230420    2 0x0d85c541489b4c67df516b86898e1ed59c8d639a 389
4230421    2 0x0d85c541489b4c67df516b86898e1ed59c8d639a 390
4230422    4 0x0d85c541489b4c67df516b86898e1ed59c8d639a 391
4230423    3 0x0d85c541489b4c67df516b86898e1ed59c8d639a 392
4230424    2 0x0d85c541489b4c67df516b86898e1ed59c8d639a 393
4230425    4 0x0d85c541489b4c67df516b86898e1ed59c8d639a 394
4230426    1 0x0d85c541489b4c67df516b86898e1ed59c8d639a 395
4230427    5 0x0d85c541489b4c67df516b86898e1ed59c8d639a 396
4230428    1 0x0d85c541489b4c67df516b86898e1ed59c8d639a 397
4230429    1 0x0d85c541489b4c67df516b86898e1ed59c8d639a 398
4230430    5 0x0d85c541489b4c67df516b86898e1ed59c8d639a 399
4230431    2 0x0d85c541489b4c67df516b86898e1ed59c8d639a 400
4230432   17 0x0d85c541489b4c67df516b86898e1ed59c8d639a 401
4230433    7 0x0d85c541489b4c67df516b86898e1ed59c8d639a 402
4230434    4 0x0d85c541489b4c67df516b86898e1ed59c8d639a 403
4230435    2 0x0d85c541489b4c67df516b86898e1ed59c8d639a 404
4230436    1 0x0d85c541489b4c67df516b86898e1ed59c8d639a 405
4230437   11 0x0d85c541489b4c67df516b86898e1ed59c8d639a 406
4230438    1 0x0d85c541489b4c67df516b86898e1ed59c8d639a 407
4230439    1 0x0d85c541489b4c67df516b86898e1ed59c8d639a 408
4230440    1 0x0d85c541489b4c67df516b86898e1ed59c8d639a 409
4230441    1 0x0d85c541489b4c67df516b86898e1ed59c8d639a 410
4230442    1 0x0d85c541489b4c67df516b86898e1ed59c8d639a 411
4230443    6 0x0d85c541489b4c67df516b86898e1ed59c8d639a 412
4230444    7 0x0d85c541489b4c67df516b86898e1ed59c8d639a 413
4230445    5 0x0d85c541489b4c67df516b86898e1ed59c8d639a 414
4230446    9 0x0d85c541489b4c67df516b86898e1ed59c8d639a 415
4230447    4 0x0d85c541489b4c67df516b86898e1ed59c8d639a 416
4230448    9 0x0d85c541489b4c67df516b86898e1ed59c8d639a 417
4230449   27 0x0d85c541489b4c67df516b86898e1ed59c8d639a 418
4230450    2 0x0d85c541489b4c67df516b86898e1ed59c8d639a 419
4230451    5 0x0d85c541489b4c67df516b86898e1ed59c8d639a 420
4230452    1 0x0d85c541489b4c67df516b86898e1ed59c8d639a 421
4230453    1 0x0d85c541489b4c67df516b86898e1ed59c8d639a 422
4230454    1 0x0d85c541489b4c67df516b86898e1ed59c8d639a 423
4230455   13 0x0d85c541489b4c67df516b86898e1ed59c8d639a 424
4230456    6 0x0d85c541489b4c67df516b86898e1ed59c8d639a 425
4230457   11 0x0d85c541489b4c67df516b86898e1ed59c8d639a 426
4230458    7 0x0d85c541489b4c67df516b86898e1ed59c8d639a 427
4230459    1 0x0d85c541489b4c67df516b86898e1ed59c8d639a 428
4230460    7 0x0d85c541489b4c67df516b86898e1ed59c8d639a 429
4230461    2 0x0d85c541489b4c67df516b86898e1ed59c8d639a 430
4230462    1 0x0d85c541489b4c67df516b86898e1ed59c8d639a 431
4230463    1 0x0d85c541489b4c67df516b86898e1ed59c8d639a 432
4230464    1 0x0d85c541489b4c67df516b86898e1ed59c8d639a 433
4230465    1 0x0d85c541489b4c67df516b86898e1ed59c8d639a 434
4230466    1 0xeb89381047b71fbe695d8a7d0b1ce9ab3a566de1 33
4230467    4 0x0d85c541489b4c67df516b86898e1ed59c8d639a 435
4230468    7 0xeb89381047b71fbe695d8a7d0b1ce9ab3a566de1 34
4230469    6 0x0d85c541489b4c67df516b86898e1ed59c8d639a 436
4230470    5 0x0d85c541489b4c67df516b86898e1ed59c8d639a 437
4230471   10 0x0d85c541489b4c67df516b86898e1ed59c8d639a 438
4230472    5 0xeb89381047b71fbe695d8a7d0b1ce9ab3a566de1 35
4230473    9 0x0d85c541489b4c67df516b86898e1ed59c8d639a 439
4230474    7 0x0d85c541489b4c67df516b86898e1ed59c8d639a 440
4230475    5 0x0d85c541489b4c67df516b86898e1ed59c8d639a 441
4230476    5 0x0d85c541489b4c67df516b86898e1ed59c8d639a 442
4230477    5 0x0d85c541489b4c67df516b86898e1ed59c8d639a 443
4230478    9 0x0d85c541489b4c67df516b86898e1ed59c8d639a 444
4230479   21 0x0d85c541489b4c67df516b86898e1ed59c8d639a 445
4230480    1 0x0d85c541489b4c67df516b86898e1ed59c8d639a 446
4230481    1 0x0d85c541489b4c67df516b86898e1ed59c8d639a 447
4230482    8 0x0d85c541489b4c67df516b86898e1ed59c8d639a 448
4230483    2 0x0d85c541489b4c67df516b86898e1ed59c8d639a 449
4230484    3 0x0d85c541489b4c67df516b86898e1ed59c8d639a 450
4230485   14 0x0d85c541489b4c67df516b86898e1ed59c8d639a 451
4230486    3 0x0d85c541489b4c67df516b86898e1ed59c8d639a 452
4230487    5 0x0d85c541489b4c67df516b86898e1ed59c8d639a 453
4230488    3 0x0d85c541489b4c67df516b86898e1ed59c8d639a 454
4230489    3 0x0d85c541489b4c67df516b86898e1ed59c8d639a 455
4230490    8 0x0d85c541489b4c67df516b86898e1ed59c8d639a 456
4230491    5 0x0d85c541489b4c67df516b86898e1ed59c8d639a 457
4230492    9 0xeb89381047b71fbe695d8a7d0b1ce9ab3a566de1 36
4230493    2 0x0d85c541489b4c67df516b86898e1ed59c8d639a 458
4230494    5 0x0d85c541489b4c67df516b86898e1ed59c8d639a 459
4230495    2 0x0d85c541489b4c67df516b86898e1ed59c8d639a 460
4230496    3 0x0d85c541489b4c67df516b86898e1ed59c8d639a 461
4230497    6 0x0d85c541489b4c67df516b86898e1ed59c8d639a 462
4230498    7 0x0d85c541489b4c67df516b86898e1ed59c8d639a 463
4230499    3 0x0d85c541489b4c67df516b86898e1ed59c8d639a 464
4230500    7 0x0d85c541489b4c67df516b86898e1ed59c8d639a 465
4230501    2 0x0d85c541489b4c67df516b86898e1ed59c8d639a 466
4230502    2 0x0d85c541489b4c67df516b86898e1ed59c8d639a 467
4230503    2 0x0d85c541489b4c67df516b86898e1ed59c8d639a 468
4230504    1 0x0d85c541489b4c67df516b86898e1ed59c8d639a 469
4230505   10 0x0d85c541489b4c67df516b86898e1ed59c8d639a 470
4230506    1 0x0d85c541489b4c67df516b86898e1ed59c8d639a 471
4230507    4 0xeb89381047b71fbe695d8a7d0b1ce9ab3a566de1 37
4230508    6 0x0d85c541489b4c67df516b86898e1ed59c8d639a 472
4230509    6 0x0d85c541489b4c67df516b86898e1ed59c8d639a 473
4230510    4 0x0d85c541489b4c67df516b86898e1ed59c8d639a 474
4230511    4 0x0d85c541489b4c67df516b86898e1ed59c8d639a 475
4230512    6 0x0d85c541489b4c67df516b86898e1ed59c8d639a 476
4230513    2 0x0d85c541489b4c67df516b86898e1ed59c8d639a 477
4230514   17 0x0d85c541489b4c67df516b86898e1ed59c8d639a 478
4230515    6 0x0d85c541489b4c67df516b86898e1ed59c8d639a 479
4230516   10 0x0d85c541489b4c67df516b86898e1ed59c8d639a 480
4230517    4 0x0d85c541489b4c67df516b86898e1ed59c8d639a 481
4230518   20 0x0d85c541489b4c67df516b86898e1ed59c8d639a 482
4230519    1 0x0d85c541489b4c67df516b86898e1ed59c8d639a 483
4230520    6 0x0d85c541489b4c67df516b86898e1ed59c8d639a 484
4230521    7 0x0d85c541489b4c67df516b86898e1ed59c8d639a 485
4230522    6 0x0d85c541489b4c67df516b86898e1ed59c8d639a 486
4230523    4 0x0d85c541489b4c67df516b86898e1ed59c8d639a 487
4230524    5 0x0d85c541489b4c67df516b86898e1ed59c8d639a 488
4230525    9 0x0d85c541489b4c67df516b86898e1ed59c8d639a 489
4230526   15 0x0d85c541489b4c67df516b86898e1ed59c8d639a 490
4230527    2 0x0d85c541489b4c67df516b86898e1ed59c8d639a 491
4230528    3 0x0d85c541489b4c67df516b86898e1ed59c8d639a 492
4230529    3 0x0d85c541489b4c67df516b86898e1ed59c8d639a 493
4230530    3 0x0d85c541489b4c67df516b86898e1ed59c8d639a 494
4230531    2 0x0d85c541489b4c67df516b86898e1ed59c8d639a 495
4230532    3 0x0d85c541489b4c67df516b86898e1ed59c8d639a 496
4230533   24 0xeb89381047b71fbe695d8a7d0b1ce9ab3a566de1 38
4230534    8 0xeb89381047b71fbe695d8a7d0b1ce9ab3a566de1 39
4230535   48 0x0d85c541489b4c67df516b86898e1ed59c8d639a 497
4230536    1 0x0d85c541489b4c67df516b86898e1ed59c8d639a 498
4230537   13 0x0d85c541489b4c67df516b86898e1ed59c8d639a 499
4230538   16 0x0d85c541489b4c67df516b86898e1ed59c8d639a 500
4230539    5 0x0d85c541489b4c67df516b86898e1ed59c8d639a 501
4230540    1 0x0d85c541489b4c67df516b86898e1ed59c8d639a 502
4230541    3 0x0d85c541489b4c67df516b86898e1ed59c8d639a 503
4230542   13 0x0d85c541489b4c67df516b86898e1ed59c8d639a 504
4230543   17 0x0d85c541489b4c67df516b86898e1ed59c8d639a 505
4230544    6 0x0d85c541489b4c67df516b86898e1ed59c8d639a 506
4230545    4 0x0d85c541489b4c67df516b86898e1ed59c8d639a 507
4230546    6 0x0d85c541489b4c67df516b86898e1ed59c8d639a 508
4230547    3 0x0d85c541489b4c67df516b86898e1ed59c8d639a 509
4230548    3 0x0d85c541489b4c67df516b86898e1ed59c8d639a 510
4230549    5 0x0d85c541489b4c67df516b86898e1ed59c8d639a 511
4230550    7 0x0d85c541489b4c67df516b86898e1ed59c8d639a 512
4230551    6 0x0d85c541489b4c67df516b86898e1ed59c8d639a 513
4230552    1 0x0d85c541489b4c67df516b86898e1ed59c8d639a 514
4230553   15 0x0d85c541489b4c67df516b86898e1ed59c8d639a 515
4230554   15 0x0d85c541489b4c67df516b86898e1ed59c8d639a 516
4230555    2 0x0d85c541489b4c67df516b86898e1ed59c8d639a 517
4230556    2 0x0d85c541489b4c67df516b86898e1ed59c8d639a 518
4230557   11 0x0d85c541489b4c67df516b86898e1ed59c8d639a 519
4230558    1 0xeb89381047b71fbe695d8a7d0b1ce9ab3a566de1 40
4230559    2 0x0d85c541489b4c67df516b86898e1ed59c8d639a 520
4230560   21 0x0d85c541489b4c67df516b86898e1ed59c8d639a 521
4230561    1 0x0d85c541489b4c67df516b86898e1ed59c8d639a 522
4230562   14 0x0d85c541489b4c67df516b86898e1ed59c8d639a 523
4230563    6 0x0d85c541489b4c67df516b86898e1ed59c8d639a 524
4230564    3 0x0d85c541489b4c67df516b86898e1ed59c8d639a 525
4230565    1 0x0d85c541489b4c67df516b86898e1ed59c8d639a 526
4230566   15 0x0d85c541489b4c67df516b86898e1ed59c8d639a 527
4230567    2 0x0d85c541489b4c67df516b86898e1ed59c8d639a 528
4230568    4 0x0d85c541489b4c67df516b86898e1ed59c8d639a 529
4230569    1 0x0d85c541489b4c67df516b86898e1ed59c8d639a 530
4230570    8 0x0d85c541489b4c67df516b86898e1ed59c8d639a 531
4230571   19 0x0d85c541489b4c67df516b86898e1ed59c8d639a 532
4230572    8 0x0d85c541489b4c67df516b86898e1ed59c8d639a 533
4230573   12 0x0d85c541489b4c67df516b86898e1ed59c8d639a 534
4230574   17 0x0d85c541489b4c67df516b86898e1ed59c8d639a 535
4230575    5 0x0d85c541489b4c67df516b86898e1ed59c8d639a 536
4230576    3 0x0d85c541489b4c67df516b86898e1ed59c8d639a 537
4230577   16 0x0d85c541489b4c67df516b86898e1ed59c8d639a 538
4230578    9 0x0d85c541489b4c67df516b86898e1ed59c8d639a 539
4230579    3 0x0d85c541489b4c67df516b86898e1ed59c8d639a 540
4230580    3 0x0d85c541489b4c67df516b86898e1ed59c8d639a 541
4230581   10 0xeb89381047b71fbe695d8a7d0b1ce9ab3a566de1 41
4230582   65 0x0d85c541489b4c67df516b86898e1ed59c8d639a 542
4230583    1 0x0d85c541489b4c67df516b86898e1ed59c8d639a 543
4230584    1 0x0d85c541489b4c67df516b86898e1ed59c8d639a 544
4230585    3 0x0d85c541489b4c67df516b86898e1ed59c8d639a 545
4230586    3 0x0d85c541489b4c67df516b86898e1ed59c8d639a 546
4230587    6 0x0d85c541489b4c67df516b86898e1ed59c8d639a 547
4230588    7 0x0d85c541489b4c67df516b86898e1ed59c8d639a 548
4230589    8 0x0d85c541489b4c67df516b86898e1ed59c8d639a 549
4230590    3 0x0d85c541489b4c67df516b86898e1ed59c8d639a 550
4230591    1 0x0d85c541489b4c67df516b86898e1ed59c8d639a 551
4230592    7 0x0d85c541489b4c67df516b86898e1ed59c8d639a 552
4230593   13 0x0d85c541489b4c67df516b86898e1ed59c8d639a 553
4230594   16 0x0d85c541489b4c67df516b86898e1ed59c8d639a 554
4230595    4 0x0d85c541489b4c67df516b86898e1ed59c8d639a 555
4230596   16 0x0d85c541489b4c67df516b86898e1ed59c8d639a 556
4230597    4 0x0d85c541489b4c67df516b86898e1ed59c8d639a 557
4230598   23 0x0d85c541489b4c67df516b86898e1ed59c8d639a 558
4230599    7 0x0d85c541489b4c67df516b86898e1ed59c8d639a 559
4230600    7 0x0d85c541489b4c67df516b86898e1ed59c8d639a 560
4230601   13 0x0d85c541489b4c67df516b86898e1ed59c8d639a 561
4230602    7 0x0d85c541489b4c67df516b86898e1ed59c8d639a 562
4230603    5 0x0d85c541489b4c67df516b86898e1ed59c8d639a 563
4230604    5 0x0d85c541489b4c67df516b86898e1ed59c8d639a 564
4230605    1 0x0d85c541489b4c67df516b86898e1ed59c8d639a 565
4230606    8 0x0d85c541489b4c67df516b86898e1ed59c8d639a 566
4230607    2 0x0d85c541489b4c67df516b86898e1ed59c8d639a 567
4230608    2 0x0d85c541489b4c67df516b86898e1ed59c8d639a 568
4230609   14 0x0d85c541489b4c67df516b86898e1ed59c8d639a 569
4230610    2 0x0d85c541489b4c67df516b86898e1ed59c8d639a 570
4230611   14 0x0d85c541489b4c67df516b86898e1ed59c8d639a 571
4230612    5 0x0d85c541489b4c67df516b86898e1ed59c8d639a 572
4230613    6 0x0d85c541489b4c67df516b86898e1ed59c8d639a 573
4230614    4 0x0d85c541489b4c67df516b86898e1ed59c8d639a 574
4230615   10 0x0d85c541489b4c67df516b86898e1ed59c8d639a 575
4230616    1 0x0d85c541489b4c67df516b86898e1ed59c8d639a 576
4230617    6 0x0d85c541489b4c67df516b86898e1ed59c8d639a 577
4230618    8 0x0d85c541489b4c67df516b86898e1ed59c8d639a 578
4230619    1 0x0d85c541489b4c67df516b86898e1ed59c8d639a 579
4230620    2 0x0d85c541489b4c67df516b86898e1ed59c8d639a 580
4230621   20 0x0d85c541489b4c67df516b86898e1ed59c8d639a 581
4230622    4 0x0d85c541489b4c67df516b86898e1ed59c8d639a 582
4230623   24 0x0d85c541489b4c67df516b86898e1ed59c8d639a 583
4230624   17 0x0d85c541489b4c67df516b86898e1ed59c8d639a 584
4230625    9 0x0d85c541489b4c67df516b86898e1ed59c8d639a 585
4230626   12 0x0d85c541489b4c67df516b86898e1ed59c8d639a 586
4230627    5 0x0d85c541489b4c67df516b86898e1ed59c8d639a 587
4230628    2 0x0d85c541489b4c67df516b86898e1ed59c8d639a 588
4230629   14 0x0d85c541489b4c67df516b86898e1ed59c8d639a 589
4230630    2 0x0d85c541489b4c67df516b86898e1ed59c8d639a 590
4230631    1 0x0d85c541489b4c67df516b86898e1ed59c8d639a 591
4230632    8 0x0d85c541489b4c67df516b86898e1ed59c8d639a 592
4230633    8 0x0d85c541489b4c67df516b86898e1ed59c8d639a 593
4230634    4 0x0d85c541489b4c67df516b86898e1ed59c8d639a 594
4230635   15 0x0d85c541489b4c67df516b86898e1ed59c8d639a 595
4230636   10 0x0d85c541489b4c67df516b86898e1ed59c8d639a 596
4230637    1 0x0d85c541489b4c67df516b86898e1ed59c8d639a 597
4230638    3 0x0d85c541489b4c67df516b86898e1ed59c8d639a 598
4230639    9 0x0d85c541489b4c67df516b86898e1ed59c8d639a 599
4230640   18 0x0d85c541489b4c67df516b86898e1ed59c8d639a 600
4230641    1 0x0d85c541489b4c67df516b86898e1ed59c8d639a 601
4230642    5 0x0d85c541489b4c67df516b86898e1ed59c8d639a 602
4230643    9 0x0d85c541489b4c67df516b86898e1ed59c8d639a 603
4230644    1 0x0d85c541489b4c67df516b86898e1ed59c8d639a 604
4230645    5 0x0d85c541489b4c67df516b86898e1ed59c8d639a 605
4230646    5 0x0d85c541489b4c67df516b86898e1ed59c8d639a 606
4230647   18 0x0d85c541489b4c67df516b86898e1ed59c8d639a 607
4230648   11 0x0d85c541489b4c67df516b86898e1ed59c8d639a 608
4230649   15 0x0d85c541489b4c67df516b86898e1ed59c8d639a 609
4230650    6 0x0d85c541489b4c67df516b86898e1ed59c8d639a 610
4230651    3 0x0d85c541489b4c67df516b86898e1ed59c8d639a 611
4230652    2 0x0d85c541489b4c67df516b86898e1ed59c8d639a 612
4230653    2 0x0d85c541489b4c67df516b86898e1ed59c8d639a 613
4230654    1 0x0d85c541489b4c67df516b86898e1ed59c8d639a 614
4230655    1 0x0d85c541489b4c67df516b86898e1ed59c8d639a 615
4230656    7 0x0d85c541489b4c67df516b86898e1ed59c8d639a 616
4230657    1 0x0d85c541489b4c67df516b86898e1ed59c8d639a 617
4230658    5 0x0d85c541489b4c67df516b86898e1ed59c8d639a 618
4230659    7 0x0d85c541489b4c67df516b86898e1ed59c8d639a 619
4230660    1 0x0d85c541489b4c67df516b86898e1ed59c8d639a 620
4230661   12 0x0d85c541489b4c67df516b86898e1ed59c8d639a 621
4230662   14 0x0d85c541489b4c67df516b86898e1ed59c8d639a 622
4230663    2 0x0d85c541489b4c67df516b86898e1ed59c8d639a 623
4230664    2 0x0d85c541489b4c67df516b86898e1ed59c8d639a 624
4230665    2 0x0d85c541489b4c67df516b86898e1ed59c8d639a 625
4230666    1 0x0d85c541489b4c67df516b86898e1ed59c8d639a 626
4230667   16 0x0d85c541489b4c67df516b86898e1ed59c8d639a 627
4230668   16 0x0d85c541489b4c67df516b86898e1ed59c8d639a 628
4230669    1 0x0d85c541489b4c67df516b86898e1ed59c8d639a 629
4230670    1 0x0d85c541489b4c67df516b86898e1ed59c8d639a 630
4230671    7 0x0d85c541489b4c67df516b86898e1ed59c8d639a 631
4230672   20 0x0d85c541489b4c67df516b86898e1ed59c8d639a 632
4230673    3 0x0d85c541489b4c67df516b86898e1ed59c8d639a 633
4230674    1 0x0d85c541489b4c67df516b86898e1ed59c8d639a 634
4230675    5 0x0d85c541489b4c67df516b86898e1ed59c8d639a 635
4230676    3 0x0d85c541489b4c67df516b86898e1ed59c8d639a 636
4230677    4 0x0d85c541489b4c67df516b86898e1ed59c8d639a 637
4230678    9 0x0d85c541489b4c67df516b86898e1ed59c8d639a 638
4230679    8 0x0d85c541489b4c67df516b86898e1ed59c8d639a 639
4230680   13 0x0d85c541489b4c67df516b86898e1ed59c8d639a 640
4230681   13 0x0d85c541489b4c67df516b86898e1ed59c8d639a 641
4230682    4 0x0d85c541489b4c67df516b86898e1ed59c8d639a 642
4230683    2 0x0d85c541489b4c67df516b86898e1ed59c8d639a 643
4230684    2 0x0d85c541489b4c67df516b86898e1ed59c8d639a 644
4230685    7 0x0d85c541489b4c67df516b86898e1ed59c8d639a 645
4230686   16 0x0d85c541489b4c67df516b86898e1ed59c8d639a 646
4230687    3 0x0d85c541489b4c67df516b86898e1ed59c8d639a 647
4230688    5 0x0d85c541489b4c67df516b86898e1ed59c8d639a 648
4230689    2 0x0d85c541489b4c67df516b86898e1ed59c8d639a 649
4230690    2 0x0d85c541489b4c67df516b86898e1ed59c8d639a 650
4230691    8 0x0d85c541489b4c67df516b86898e1ed59c8d639a 651
4230692    8 0x0d85c541489b4c67df516b86898e1ed59c8d639a 652
4230693    5 0x0d85c541489b4c67df516b86898e1ed59c8d639a 653
4230694   17 0x0d85c541489b4c67df516b86898e1ed59c8d639a 654
4230695    9 0x0d85c541489b4c67df516b86898e1ed59c8d639a 655
4230696    3 0x0d85c541489b4c67df516b86898e1ed59c8d639a 656
4230697    8 0x0d85c541489b4c67df516b86898e1ed59c8d639a 657
4230698    6 0x0d85c541489b4c67df516b86898e1ed59c8d639a 658
4230699    1 0x0d85c541489b4c67df516b86898e1ed59c8d639a 659
4230700   10 0x0d85c541489b4c67df516b86898e1ed59c8d639a 660
4230701    1 0x0d85c541489b4c67df516b86898e1ed59c8d639a 661
4230702    2 0x0d85c541489b4c67df516b86898e1ed59c8d639a 662
4230703    7 0x0d85c541489b4c67df516b86898e1ed59c8d639a 663
4230704    6 0x0d85c541489b4c67df516b86898e1ed59c8d639a 664
4230705   11 0x0d85c541489b4c67df516b86898e1ed59c8d639a 665
4230706    2 0x0d85c541489b4c67df516b86898e1ed59c8d639a 666
4230707   25 0x0d85c541489b4c67df516b86898e1ed59c8d639a 667
4230708    9 0x0d85c541489b4c67df516b86898e1ed59c8d639a 668
4230709   10 0x0d85c541489b4c67df516b86898e1ed59c8d639a 669
4230710    2 0x0d85c541489b4c67df516b86898e1ed59c8d639a 670
4230711   20 0x0d85c541489b4c67df516b86898e1ed59c8d639a 671
4230712    8 0x0d85c541489b4c67df516b86898e1ed59c8d639a 672
4230713    3 0x0d85c541489b4c67df516b86898e1ed59c8d639a 673
4230714    9 0x0d85c541489b4c67df516b86898e1ed59c8d639a 674
4230715    1 0x0d85c541489b4c67df516b86898e1ed59c8d639a 675
4230716    1 0x0d85c541489b4c67df516b86898e1ed59c8d639a 676
4230717    9 0x0d85c541489b4c67df516b86898e1ed59c8d639a 677
4230718    2 0x0d85c541489b4c67df516b86898e1ed59c8d639a 678
4230719    4 0x0d85c541489b4c67df516b86898e1ed59c8d639a 679
4230720    7 0x0d85c541489b4c67df516b86898e1ed59c8d639a 680
4230721   11 0x0d85c541489b4c67df516b86898e1ed59c8d639a 681
4230722    9 0x0d85c541489b4c67df516b86898e1ed59c8d639a 682
4230723    2 0x0d85c541489b4c67df516b86898e1ed59c8d639a 683
4230724    2 0x0d85c541489b4c67df516b86898e1ed59c8d639a 684
4230725    3 0x0d85c541489b4c67df516b86898e1ed59c8d639a 685
4230726    4 0x0d85c541489b4c67df516b86898e1ed59c8d639a 686
4230727    1 0x0d85c541489b4c67df516b86898e1ed59c8d639a 687
4230728    1 0x0d85c541489b4c67df516b86898e1ed59c8d639a 688
4230729   15 0x0d85c541489b4c67df516b86898e1ed59c8d639a 689
4230730   13 0x0d85c541489b4c67df516b86898e1ed59c8d639a 690
4230731    4 0x0d85c541489b4c67df516b86898e1ed59c8d639a 691
4230732    3 0x0d85c541489b4c67df516b86898e1ed59c8d639a 692
4230733    3 0x0d85c541489b4c67df516b86898e1ed59c8d639a 693
4230734   13 0x0d85c541489b4c67df516b86898e1ed59c8d639a 694
4230735    4 0x0d85c541489b4c67df516b86898e1ed59c8d639a 695
4230736   21 0x0d85c541489b4c67df516b86898e1ed59c8d639a 696
4230737    4 0x0d85c541489b4c67df516b86898e1ed59c8d639a 697
4230738    3 0x0d85c541489b4c67df516b86898e1ed59c8d639a 698
4230739   12 0x0d85c541489b4c67df516b86898e1ed59c8d639a 699
4230740    2 0x0d85c541489b4c67df516b86898e1ed59c8d639a 700
4230741    9 0x0d85c541489b4c67df516b86898e1ed59c8d639a 701
4230742    2 0x0d85c541489b4c67df516b86898e1ed59c8d639a 702
4230743    3 0x0d85c541489b4c67df516b86898e1ed59c8d639a 703
4230744    4 0x0d85c541489b4c67df516b86898e1ed59c8d639a 704
4230745    8 0x0d85c541489b4c67df516b86898e1ed59c8d639a 705
4230746    1 0x0d85c541489b4c67df516b86898e1ed59c8d639a 706
4230747    4 0x0d85c541489b4c67df516b86898e1ed59c8d639a 707
4230748    7 0x0d85c541489b4c67df516b86898e1ed59c8d639a 708
4230749    3 0x0d85c541489b4c67df516b86898e1ed59c8d639a 709
4230750    1 0x0d85c541489b4c67df516b86898e1ed59c8d639a 710
4230751    1 0x0d85c541489b4c67df516b86898e1ed59c8d639a 711
4230752   16 0x0d85c541489b4c67df516b86898e1ed59c8d639a 712
4230753    6 0x0d85c541489b4c67df516b86898e1ed59c8d639a 713
4230754    4 0x0d85c541489b4c67df516b86898e1ed59c8d639a 714
4230755    5 0x0d85c541489b4c67df516b86898e1ed59c8d639a 715
4230756    5 0x0d85c541489b4c67df516b86898e1ed59c8d639a 716
4230757    4 0x0d85c541489b4c67df516b86898e1ed59c8d639a 717
4230758    5 0x0d85c541489b4c67df516b86898e1ed59c8d639a 718
4230759    4 0x0d85c541489b4c67df516b86898e1ed59c8d639a 719
4230760    6 0x0d85c541489b4c67df516b86898e1ed59c8d639a 720
4230761    7 0x0d85c541489b4c67df516b86898e1ed59c8d639a 721
4230762    9 0x0d85c541489b4c67df516b86898e1ed59c8d639a 722
4230763    4 0x0d85c541489b4c67df516b86898e1ed59c8d639a 723
4230764    1 0x0d85c541489b4c67df516b86898e1ed59c8d639a 724
4230765    7 0x0d85c541489b4c67df516b86898e1ed59c8d639a 725
4230766    4 0x0d85c541489b4c67df516b86898e1ed59c8d639a 726
4230767    1 0x0d85c541489b4c67df516b86898e1ed59c8d639a 727
4230768    4 0x0d85c541489b4c67df516b86898e1ed59c8d639a 728
4230769   15 0x0d85c541489b4c67df516b86898e1ed59c8d639a 729
4230770    7 0x0d85c541489b4c67df516b86898e1ed59c8d639a 730
4230771   15 0x0d85c541489b4c67df516b86898e1ed59c8d639a 731
4230772    5 0x0d85c541489b4c67df516b86898e1ed59c8d639a 732
4230773    4 0x0d85c541489b4c67df516b86898e1ed59c8d639a 733
4230774    4 0x0d85c541489b4c67df516b86898e1ed59c8d639a 734
4230775    3 0x0d85c541489b4c67df516b86898e1ed59c8d639a 735
4230776    2 0x0d85c541489b4c67df516b86898e1ed59c8d639a 736
4230777    7 0x0d85c541489b4c67df516b86898e1ed59c8d639a 737
4230778    3 0x0d85c541489b4c67df516b86898e1ed59c8d639a 738
4230779   27 0x0d85c541489b4c67df516b86898e1ed59c8d639a 739
4230780   13 0x0d85c541489b4c67df516b86898e1ed59c8d639a 740
4230781   10 0x0d85c541489b4c67df516b86898e1ed59c8d639a 741
4230782    1 0x0d85c541489b4c67df516b86898e1ed59c8d639a 742
4230783    5 0x0d85c541489b4c67df516b86898e1ed59c8d639a 743
4230784    4 0x0d85c541489b4c67df516b86898e1ed59c8d639a 744
4230785   10 0x0d85c541489b4c67df516b86898e1ed59c8d639a 745
4230786    1 0x0d85c541489b4c67df516b86898e1ed59c8d639a 746
4230787    5 0x0d85c541489b4c67df516b86898e1ed59c8d639a 747
4230788    1 0x0d85c541489b4c67df516b86898e1ed59c8d639a 748
4230789    5 0x0d85c541489b4c67df516b86898e1ed59c8d639a 749
4230790   10 0x0d85c541489b4c67df516b86898e1ed59c8d639a 750
4230791    1 0x0d85c541489b4c67df516b86898e1ed59c8d639a 751
4230792    1 0x0d85c541489b4c67df516b86898e1ed59c8d639a 752
4230793    8 0x0d85c541489b4c67df516b86898e1ed59c8d639a 753
4230794    7 0x0d85c541489b4c67df516b86898e1ed59c8d639a 754
4230795    2 0x0d85c541489b4c67df516b86898e1ed59c8d639a 755
4230796   12 0x0d85c541489b4c67df516b86898e1ed59c8d639a 756
4230797    7 0x0d85c541489b4c67df516b86898e1ed59c8d639a 757
4230798    1 0x0d85c541489b4c67df516b86898e1ed59c8d639a 758
4230799   16 0x0d85c541489b4c67df516b86898e1ed59c8d639a 759
4230800    7 0x0d85c541489b4c67df516b86898e1ed59c8d639a 760
4230801    1 0x0d85c541489b4c67df516b86898e1ed59c8d639a 761
4230802    6 0x0d85c541489b4c67df516b86898e1ed59c8d639a 762
4230803    1 0x0d85c541489b4c67df516b86898e1ed59c8d639a 763
4230804    3 0x0d85c541489b4c67df516b86898e1ed59c8d639a 764
4230805    6 0x0d85c541489b4c67df516b86898e1ed59c8d639a 765
4230806    5 0x0d85c541489b4c67df516b86898e1ed59c8d639a 766
4230807    5 0x0d85c541489b4c67df516b86898e1ed59c8d639a 767
4230808    1 0x0d85c541489b4c67df516b86898e1ed59c8d639a 768
4230809    5 0x0d85c541489b4c67df516b86898e1ed59c8d639a 769
4230810   16 0x0d85c541489b4c67df516b86898e1ed59c8d639a 770
4230811    8 0x0d85c541489b4c67df516b86898e1ed59c8d639a 771
4230812   15 0x0d85c541489b4c67df516b86898e1ed59c8d639a 772
4230813    6 0x0d85c541489b4c67df516b86898e1ed59c8d639a 773
4230814    9 0x0d85c541489b4c67df516b86898e1ed59c8d639a 774
4230815    5 0x0d85c541489b4c67df516b86898e1ed59c8d639a 775
4230816   19 0x0d85c541489b4c67df516b86898e1ed59c8d639a 776
4230817    1 0x0d85c541489b4c67df516b86898e1ed59c8d639a 777
4230818    1 0x0d85c541489b4c67df516b86898e1ed59c8d639a 778
4230819    5 0x0d85c541489b4c67df516b86898e1ed59c8d639a 779
4230820   14 0x0d85c541489b4c67df516b86898e1ed59c8d639a 780
4230821    4 0x0d85c541489b4c67df516b86898e1ed59c8d639a 781
4230822    1 0x0d85c541489b4c67df516b86898e1ed59c8d639a 782
4230823    1 0x0d85c541489b4c67df516b86898e1ed59c8d639a 783
4230824    1 0x0d85c541489b4c67df516b86898e1ed59c8d639a 784
4230825    4 0x0d85c541489b4c67df516b86898e1ed59c8d639a 785
4230826    1 0x0d85c541489b4c67df516b86898e1ed59c8d639a 786
4230827    6 0x0d85c541489b4c67df516b86898e1ed59c8d639a 787
4230828    5 0x0d85c541489b4c67df516b86898e1ed59c8d639a 788
4230829    1 0x0d85c541489b4c67df516b86898e1ed59c8d639a 789
4230830    6 0x0d85c541489b4c67df516b86898e1ed59c8d639a 790
4230831   12 0x0d85c541489b4c67df516b86898e1ed59c8d639a 791
4230832    2 0x0d85c541489b4c67df516b86898e1ed59c8d639a 792
4230833    9 0x0d85c541489b4c67df516b86898e1ed59c8d639a 793
4230834    5 0x0d85c541489b4c67df516b86898e1ed59c8d639a 794
4230835    6 0x0d85c541489b4c67df516b86898e1ed59c8d639a 795
4230836    1 0x0d85c541489b4c67df516b86898e1ed59c8d639a 796
4230837   16 0x0d85c541489b4c67df516b86898e1ed59c8d639a 797
4230838    2 0x0d85c541489b4c67df516b86898e1ed59c8d639a 798
4230839    4 0x0d85c541489b4c67df516b86898e1ed59c8d639a 799
4230840    8 0x0d85c541489b4c67df516b86898e1ed59c8d639a 800
4230841   12 0x0d85c541489b4c67df516b86898e1ed59c8d639a 801
4230842    6 0x0d85c541489b4c67df516b86898e1ed59c8d639a 802
4230843    4 0x0d85c541489b4c67df516b86898e1ed59c8d639a 803
4230844    1 0x0d85c541489b4c67df516b86898e1ed59c8d639a 804
4230845    1 0x0d85c541489b4c67df516b86898e1ed59c8d639a 805
4230846    2 0x0d85c541489b4c67df516b86898e1ed59c8d639a 806
4230847    1 0x0d85c541489b4c67df516b86898e1ed59c8d639a 807
4230848   11 0x0d85c541489b4c67df516b86898e1ed59c8d639a 808
4230849    3 0x0d85c541489b4c67df516b86898e1ed59c8d639a 809
4230850   10 0x0d85c541489b4c67df516b86898e1ed59c8d639a 810
4230851    1 0x0d85c541489b4c67df516b86898e1ed59c8d639a 811
4230852    9 0x0d85c541489b4c67df516b86898e1ed59c8d639a 812
4230853   10 0x0d85c541489b4c67df516b86898e1ed59c8d639a 813
4230854    1 0x0d85c541489b4c67df516b86898e1ed59c8d639a 814
4230855   11 0x0d85c541489b4c67df516b86898e1ed59c8d639a 815
4230856    9 0x0d85c541489b4c67df516b86898e1ed59c8d639a 816
4230857    3 0x0d85c541489b4c67df516b86898e1ed59c8d639a 817
4230858    5 0x0d85c541489b4c67df516b86898e1ed59c8d639a 818
4230859    2 0x0d85c541489b4c67df516b86898e1ed59c8d639a 819
4230860   26 0x0d85c541489b4c67df516b86898e1ed59c8d639a 820
4230861    5 0x0d85c541489b4c67df516b86898e1ed59c8d639a 821
4230862   12 0x0d85c541489b4c67df516b86898e1ed59c8d639a 822
4230863   10 0x0d85c541489b4c67df516b86898e1ed59c8d639a 823
4230864    3 0x0d85c541489b4c67df516b86898e1ed59c8d639a 824
4230865   12 0x0d85c541489b4c67df516b86898e1ed59c8d639a 825
4230866    8 0x0d85c541489b4c67df516b86898e1ed59c8d639a 826
4230867    1 0x0d85c541489b4c67df516b86898e1ed59c8d639a 827
4230868    4 0x0d85c541489b4c67df516b86898e1ed59c8d639a 828
4230869    4 0x0d85c541489b4c67df516b86898e1ed59c8d639a 829
4230870    9 0x0d85c541489b4c67df516b86898e1ed59c8d639a 830
4230871    2 0x0d85c541489b4c67df516b86898e1ed59c8d639a 831
4230872    5 0x0d85c541489b4c67df516b86898e1ed59c8d639a 832
4230873    1 0x0d85c541489b4c67df516b86898e1ed59c8d639a 833
4230874   11 0x0d85c541489b4c67df516b86898e1ed59c8d639a 834
4230875    4 0x0d85c541489b4c67df516b86898e1ed59c8d639a 835
4230876   13 0x0d85c541489b4c67df516b86898e1ed59c8d639a 836
4230877   10 0x0d85c541489b4c67df516b86898e1ed59c8d639a 837
4230878    2 0x0d85c541489b4c67df516b86898e1ed59c8d639a 838
4230879   13 0x0d85c541489b4c67df516b86898e1ed59c8d639a 839
4230880   13 0x0d85c541489b4c67df516b86898e1ed59c8d639a 840
4230881    6 0x0d85c541489b4c67df516b86898e1ed59c8d639a 841
4230882    1 0x0d85c541489b4c67df516b86898e1ed59c8d639a 842
4230883   23 0x0d85c541489b4c67df516b86898e1ed59c8d639a 843
4230884    9 0x0d85c541489b4c67df516b86898e1ed59c8d639a 844
4230885    2 0x0d85c541489b4c67df516b86898e1ed59c8d639a 845
4230886    6 0x0d85c541489b4c67df516b86898e1ed59c8d639a 846
4230887    3 0x0d85c541489b4c67df516b86898e1ed59c8d639a 847
4230888    1 0x0d85c541489b4c67df516b86898e1ed59c8d639a 848
4230889   10 0x0d85c541489b4c67df516b86898e1ed59c8d639a 849
4230890    9 0x0d85c541489b4c67df516b86898e1ed59c8d639a 850
4230891    1 0x0d85c541489b4c67df516b86898e1ed59c8d639a 851
4230892    3 0x0d85c541489b4c67df516b86898e1ed59c8d639a 852
4230893    1 0x0d85c541489b4c67df516b86898e1ed59c8d639a 853
4230894    5 0x0d85c541489b4c67df516b86898e1ed59c8d639a 854
4230895    3 0x0d85c541489b4c67df516b86898e1ed59c8d639a 855
4230896   24 0x0d85c541489b4c67df516b86898e1ed59c8d639a 856
4230897   34 0x0d85c541489b4c67df516b86898e1ed59c8d639a 857
4230898    1 0x0d85c541489b4c67df516b86898e1ed59c8d639a 858
4230899    5 0x0d85c541489b4c67df516b86898e1ed59c8d639a 859
4230900    9 0x0d85c541489b4c67df516b86898e1ed59c8d639a 860
4230901    1 0x0d85c541489b4c67df516b86898e1ed59c8d639a 861
4230902   12 0x0d85c541489b4c67df516b86898e1ed59c8d639a 862
4230903    1 0x0d85c541489b4c67df516b86898e1ed59c8d639a 863
4230904    2 0x0d85c541489b4c67df516b86898e1ed59c8d639a 864
4230905    6 0x0d85c541489b4c67df516b86898e1ed59c8d639a 865
4230906   12 0x0d85c541489b4c67df516b86898e1ed59c8d639a 866
4230907    3 0x0d85c541489b4c67df516b86898e1ed59c8d639a 867
4230908    7 0x0d85c541489b4c67df516b86898e1ed59c8d639a 868
4230909   10 0x0d85c541489b4c67df516b86898e1ed59c8d639a 869
4230910   15 0x0d85c541489b4c67df516b86898e1ed59c8d639a 870
4230911    3 0x0d85c541489b4c67df516b86898e1ed59c8d639a 871
4230912   12 0x0d85c541489b4c67df516b86898e1ed59c8d639a 872
4230913   12 0x0d85c541489b4c67df516b86898e1ed59c8d639a 873
4230914   11 0x0d85c541489b4c67df516b86898e1ed59c8d639a 874
4230915   13 0x0d85c541489b4c67df516b86898e1ed59c8d639a 875
4230916    2 0x0d85c541489b4c67df516b86898e1ed59c8d639a 876
4230917    1 0x0d85c541489b4c67df516b86898e1ed59c8d639a 877
4230918    6 0x0d85c541489b4c67df516b86898e1ed59c8d639a 878
4230919    5 0x0d85c541489b4c67df516b86898e1ed59c8d639a 879
4230920   10 0x0d85c541489b4c67df516b86898e1ed59c8d639a 880
4230921   13 0x0d85c541489b4c67df516b86898e1ed59c8d639a 881
4230922    6 0x0d85c541489b4c67df516b86898e1ed59c8d639a 882
4230923    2 0x0d85c541489b4c67df516b86898e1ed59c8d639a 883
4230924    3 0x0d85c541489b4c67df516b86898e1ed59c8d639a 884
4230925    6 0x0d85c541489b4c67df516b86898e1ed59c8d639a 885
4230926    1 0x0d85c541489b4c67df516b86898e1ed59c8d639a 886
4230927    5 0x0d85c541489b4c67df516b86898e1ed59c8d639a 887
4230928   36 0x0d85c541489b4c67df516b86898e1ed59c8d639a 888
4230929    8 0x0d85c541489b4c67df516b86898e1ed59c8d639a 889
4230930    3 0x0d85c541489b4c67df516b86898e1ed59c8d639a 890
4230931    9 0x0d85c541489b4c67df516b86898e1ed59c8d639a 891
4230932   11 0x0d85c541489b4c67df516b86898e1ed59c8d639a 892
4230933    2 0x0d85c541489b4c67df516b86898e1ed59c8d639a 893
4230934    6 0x0d85c541489b4c67df516b86898e1ed59c8d639a 894
4230935    6 0x0d85c541489b4c67df516b86898e1ed59c8d639a 895
4230936    1 0x0d85c541489b4c67df516b86898e1ed59c8d639a 896
4230937   14 0x0d85c541489b4c67df516b86898e1ed59c8d639a 897
4230938    8 0x0d85c541489b4c67df516b86898e1ed59c8d639a 898
4230939    8 0x0d85c541489b4c67df516b86898e1ed59c8d639a 899
4230940    1 0x0d85c541489b4c67df516b86898e1ed59c8d639a 900
4230941    1 0x0d85c541489b4c67df516b86898e1ed59c8d639a 901
4230942   12 0x0d85c541489b4c67df516b86898e1ed59c8d639a 902
4230943    8 0x0d85c541489b4c67df516b86898e1ed59c8d639a 903
4230944    4 0x0d85c541489b4c67df516b86898e1ed59c8d639a 904
4230945    5 0x0d85c541489b4c67df516b86898e1ed59c8d639a 905
4230946   12 0x0d85c541489b4c67df516b86898e1ed59c8d639a 906
4230947   11 0x0d85c541489b4c67df516b86898e1ed59c8d639a 907
4230948    2 0x0d85c541489b4c67df516b86898e1ed59c8d639a 908
4230949    1 0x0d85c541489b4c67df516b86898e1ed59c8d639a 909
4230950    9 0x0d85c541489b4c67df516b86898e1ed59c8d639a 910
4230951   17 0x0d85c541489b4c67df516b86898e1ed59c8d639a 911
4230952   14 0x0d85c541489b4c67df516b86898e1ed59c8d639a 912
4230953   14 0x0d85c541489b4c67df516b86898e1ed59c8d639a 913
4230954   10 0x0d85c541489b4c67df516b86898e1ed59c8d639a 914
4230955   16 0x0d85c541489b4c67df516b86898e1ed59c8d639a 915
4230956   12 0x0d85c541489b4c67df516b86898e1ed59c8d639a 916
4230957   12 0x0d85c541489b4c67df516b86898e1ed59c8d639a 917
4230958    9 0x0d85c541489b4c67df516b86898e1ed59c8d639a 918
4230959    2 0x0d85c541489b4c67df516b86898e1ed59c8d639a 919
4230960    1 0x0d85c541489b4c67df516b86898e1ed59c8d639a 920
4230961    9 0x0d85c541489b4c67df516b86898e1ed59c8d639a 921
4230962    8 0x0d85c541489b4c67df516b86898e1ed59c8d639a 922
4230963    7 0x0d85c541489b4c67df516b86898e1ed59c8d639a 923
4230964    6 0x0d85c541489b4c67df516b86898e1ed59c8d639a 924
4230965   17 0x0d85c541489b4c67df516b86898e1ed59c8d639a 925
4230966    1 0x0d85c541489b4c67df516b86898e1ed59c8d639a 926
4230967   24 0x0d85c541489b4c67df516b86898e1ed59c8d639a 927
4230968   12 0x0d85c541489b4c67df516b86898e1ed59c8d639a 928
4230969    3 0x0d85c541489b4c67df516b86898e1ed59c8d639a 929
4230970   22 0x0d85c541489b4c67df516b86898e1ed59c8d639a 930
4230971    5 0x0d85c541489b4c67df516b86898e1ed59c8d639a 931
4230972    2 0x0d85c541489b4c67df516b86898e1ed59c8d639a 932
4230973    1 0x0d85c541489b4c67df516b86898e1ed59c8d639a 933
4230974    9 0x0d85c541489b4c67df516b86898e1ed59c8d639a 934
4230975   13 0x0d85c541489b4c67df516b86898e1ed59c8d639a 935
4230976    5 0x0d85c541489b4c67df516b86898e1ed59c8d639a 936
4230977    1 0x0d85c541489b4c67df516b86898e1ed59c8d639a 937
4230978   17 0x0d85c541489b4c67df516b86898e1ed59c8d639a 938
4230979    9 0x0d85c541489b4c67df516b86898e1ed59c8d639a 939
4230980    2 0x0d85c541489b4c67df516b86898e1ed59c8d639a 940
4230981    6 0x0d85c541489b4c67df516b86898e1ed59c8d639a 941
4230982    9 0x0d85c541489b4c67df516b86898e1ed59c8d639a 942
4230983    7 0x0d85c541489b4c67df516b86898e1ed59c8d639a 943
4230984    1 0x0d85c541489b4c67df516b86898e1ed59c8d639a 944
4230985    2 0x0d85c541489b4c67df516b86898e1ed59c8d639a 945
4230986    1 0x0d85c541489b4c67df516b86898e1ed59c8d639a 946
4230987   20 0x0d85c541489b4c67df516b86898e1ed59c8d639a 947
4230988    1 0x0d85c541489b4c67df516b86898e1ed59c8d639a 948
4230989    3 0x0d85c541489b4c67df516b86898e1ed59c8d639a 949
4230990   11 0x0d85c541489b4c67df516b86898e1ed59c8d639a 950
4230991   11 0x0d85c541489b4c67df516b86898e1ed59c8d639a 951
4230992    8 0x0d85c541489b4c67df516b86898e1ed59c8d639a 952
4230993    1 0x0d85c541489b4c67df516b86898e1ed59c8d639a 953
4230994    7 0x0d85c541489b4c67df516b86898e1ed59c8d639a 954
4230995    7 0x0d85c541489b4c67df516b86898e1ed59c8d639a 955
4230996   12 0x0d85c541489b4c67df516b86898e1ed59c8d639a 956
4230997    3 0x0d85c541489b4c67df516b86898e1ed59c8d639a 957
4230998    1 0x0d85c541489b4c67df516b86898e1ed59c8d639a 958
4230999    2 0x0d85c541489b4c67df516b86898e1ed59c8d639a 959
4231000    8 0x0d85c541489b4c67df516b86898e1ed59c8d639a 960
4231001   27 0x0d85c541489b4c67df516b86898e1ed59c8d639a 961
4231002    1 0x0d85c541489b4c67df516b86898e1ed59c8d639a 962
4231003    1 0x0d85c541489b4c67df516b86898e1ed59c8d639a 963
4231004    1 0x0d85c541489b4c67df516b86898e1ed59c8d639a 964
4231005    1 0x0d85c541489b4c67df516b86898e1ed59c8d639a 965
4231006    2 0x0d85c541489b4c67df516b86898e1ed59c8d639a 966
4231007   18 0x0d85c541489b4c67df516b86898e1ed59c8d639a 967
4231008    1 0x0d85c541489b4c67df516b86898e1ed59c8d639a 968
4231009    2 0x0d85c541489b4c67df516b86898e1ed59c8d639a 969
4231010    7 0x0d85c541489b4c67df516b86898e1ed59c8d639a 970
4231011   12 0x0d85c541489b4c67df516b86898e1ed59c8d639a 971
4231012    6 0x0d85c541489b4c67df516b86898e1ed59c8d639a 972
4231013    4 0x0d85c541489b4c67df516b86898e1ed59c8d639a 973
4231014   15 0x0d85c541489b4c67df516b86898e1ed59c8d639a 974
4231015    1 0x0d85c541489b4c67df516b86898e1ed59c8d639a 975
4231016    4 0x0d85c541489b4c67df516b86898e1ed59c8d639a 976
4231017   23 0x0d85c541489b4c67df516b86898e1ed59c8d639a 977
4231018    3 0x0d85c541489b4c67df516b86898e1ed59c8d639a 978
4231019    7 0x0d85c541489b4c67df516b86898e1ed59c8d639a 979
4231020    3 0x0d85c541489b4c67df516b86898e1ed59c8d639a 980
4231021   16 0x0d85c541489b4c67df516b86898e1ed59c8d639a 981
4231022    4 0x0d85c541489b4c67df516b86898e1ed59c8d639a 982
4231023    3 0x0d85c541489b4c67df516b86898e1ed59c8d639a 983
4231024    6 0x0d85c541489b4c67df516b86898e1ed59c8d639a 984
4231025    9 0x0d85c541489b4c67df516b86898e1ed59c8d639a 985
4231026    1 0x0d85c541489b4c67df516b86898e1ed59c8d639a 986
4231027   16 0x0d85c541489b4c67df516b86898e1ed59c8d639a 987
4231028    8 0x0d85c541489b4c67df516b86898e1ed59c8d639a 988
4231029    4 0x0d85c541489b4c67df516b86898e1ed59c8d639a 989
4231030   16 0x0d85c541489b4c67df516b86898e1ed59c8d639a 990
4231031    5 0x0d85c541489b4c67df516b86898e1ed59c8d639a 991
4231032    7 0x0d85c541489b4c67df516b86898e1ed59c8d639a 992
4231033    5 0x0d85c541489b4c67df516b86898e1ed59c8d639a 993
4231034   24 0x0d85c541489b4c67df516b86898e1ed59c8d639a 994
4231035   10 0x0d85c541489b4c67df516b86898e1ed59c8d639a 995
4231036    2 0x0d85c541489b4c67df516b86898e1ed59c8d639a 996
4231037    2 0x0d85c541489b4c67df516b86898e1ed59c8d639a 997
4231038   24 0x0d85c541489b4c67df516b86898e1ed59c8d639a 998
4231039    1 0x0d85c541489b4c67df516b86898e1ed59c8d639a 999
4231040    4 0x0d85c541489b4c67df516b86898e1ed59c8d639a 1000
4231041    3 0x0d85c541489b4c67df516b86898e1ed59c8d639a 1001
4231042    2 0x0d85c541489b4c67df516b86898e1ed59c8d639a 1002
4231043   12 0x0d85c541489b4c67df516b86898e1ed59c8d639a 1003
4231044   14 0x0d85c541489b4c67df516b86898e1ed59c8d639a 1004
4231045    4 0x0d85c541489b4c67df516b86898e1ed59c8d639a 1005
4231046   26 0x0d85c541489b4c67df516b86898e1ed59c8d639a 1006
4231047   12 0x0d85c541489b4c67df516b86898e1ed59c8d639a 1007
4231048   14 0x0d85c541489b4c67df516b86898e1ed59c8d639a 1008
4231049    5 0x0d85c541489b4c67df516b86898e1ed59c8d639a 1009
4231050    1 0x0d85c541489b4c67df516b86898e1ed59c8d639a 1010
4231051    6 0x0d85c541489b4c67df516b86898e1ed59c8d639a 1011
4231052    1 0x0d85c541489b4c67df516b86898e1ed59c8d639a 1012
4231053    3 0x0d85c541489b4c67df516b86898e1ed59c8d639a 1013
4231054    1 0x0d85c541489b4c67df516b86898e1ed59c8d639a 1014
4231055   13 0x0d85c541489b4c67df516b86898e1ed59c8d639a 1015
4231056    3 0x0d85c541489b4c67df516b86898e1ed59c8d639a 1016
4231057    5 0x0d85c541489b4c67df516b86898e1ed59c8d639a 1017
4231058    2 0x0d85c541489b4c67df516b86898e1ed59c8d639a 1018
4231059    7 0x0d85c541489b4c67df516b86898e1ed59c8d639a 1019
4231060    1 0x0d85c541489b4c67df516b86898e1ed59c8d639a 1020
4231061    3 0x0d85c541489b4c67df516b86898e1ed59c8d639a 1021
4231062    6 0x0d85c541489b4c67df516b86898e1ed59c8d639a 1022
4231063    3 0x0d85c541489b4c67df516b86898e1ed59c8d639a 1023
4231064    5 0x0d85c541489b4c67df516b86898e1ed59c8d639a 1024
4231065    3 0x0d85c541489b4c67df516b86898e1ed59c8d639a 1025
4231066   10 0x0d85c541489b4c67df516b86898e1ed59c8d639a 1026
4231067    1 0x0d85c541489b4c67df516b86898e1ed59c8d639a 1027
4231068    5 0x0d85c541489b4c67df516b86898e1ed59c8d639a 1028
4231069    6 0x0d85c541489b4c67df516b86898e1ed59c8d639a 1029
4231070   22 0x0d85c541489b4c67df516b86898e1ed59c8d639a 1030
4231071    1 0x0d85c541489b4c67df516b86898e1ed59c8d639a 1031
4231072    6 0x0d85c541489b4c67df516b86898e1ed59c8d639a 1032
4231073    3 0x0d85c541489b4c67df516b86898e1ed59c8d639a 1033
4231074    3 0x0d85c541489b4c67df516b86898e1ed59c8d639a 1034
4231075   11 0x0d85c541489b4c67df516b86898e1ed59c8d639a 1035
4231076    2 0x0d85c541489b4c67df516b86898e1ed59c8d639a 1036
4231077    1 0x0d85c541489b4c67df516b86898e1ed59c8d639a 1037
4231078    8 0x0d85c541489b4c67df516b86898e1ed59c8d639a 1038
4231079    1 0x0d85c541489b4c67df516b86898e1ed59c8d639a 1039
4231080    1 0x0d85c541489b4c67df516b86898e1ed59c8d639a 1040
4231081   14 0x0d85c541489b4c67df516b86898e1ed59c8d639a 1041
4231082    2 0x0d85c541489b4c67df516b86898e1ed59c8d639a 1042
4231083    4 0x0d85c541489b4c67df516b86898e1ed59c8d639a 1043
4231084    6 0x0d85c541489b4c67df516b86898e1ed59c8d639a 1044
4231085    2 0x0d85c541489b4c67df516b86898e1ed59c8d639a 1045
4231086    2 0x0d85c541489b4c67df516b86898e1ed59c8d639a 1046
4231087    5 0x0d85c541489b4c67df516b86898e1ed59c8d639a 1047
4231088    1 0x0d85c541489b4c67df516b86898e1ed59c8d639a 1048
4231089    2 0x0d85c541489b4c67df516b86898e1ed59c8d639a 1049
4231090    6 0x0d85c541489b4c67df516b86898e1ed59c8d639a 1050
4231091    3 0x0d85c541489b4c67df516b86898e1ed59c8d639a 1051
4231092    1 0x0d85c541489b4c67df516b86898e1ed59c8d639a 1052
4231093    4 0x0d85c541489b4c67df516b86898e1ed59c8d639a 1053
4231094    7 0x0d85c541489b4c67df516b86898e1ed59c8d639a 1054
4231095    2 0x0d85c541489b4c67df516b86898e1ed59c8d639a